"V1" "V2" "V3" "V4" "V5"
"1" 256.912633558492 12.5283984891757 1.20306851684867 46.6029518949169 3
"2" 250.909259633757 3.89272641146065 2.4732156294619 62.5366215828826 6
"3" 178.669119916119 26.4155826407335 6.53762004546516 64.0143366319227 8
"4" 236.790895003614 19.7057555500551 3.1263140552554 38.9775019378672 9
"5" 264.134326339377 4.79940405294227 2.65382437485667 28.8315411988458 13
"6" 168.135943727925 100 7.71524622988721 85.5200092544044 14
"7" 228.698195004599 8.46724282595694 2.50548961986294 79.1509887996999 16
"8" 201.00979739112 22.3075037168105 4.55490437035295 39.1435303060985 17
"9" 227.298427758189 12.770730363586 2.42793329168988 83.3217608523679 23
"10" 275.033061434806 3.96513515510931 2.52569022286776 23.7938375174467 27
"11" 214.094603379946 16.0027204731274 5.81500634041532 74.5202268061273 28
"12" 183.054782201782 35.5723929486648 3.57609048114057 99.57078899898 29
"13" 207.633458120492 37.2589047216207 3.97011714461607 33.9792606175508 30
"14" 262.288544954448 7.82003215905029 0.459616228008205 58.5612036577928 32
"15" 208.756760717013 28.5236423213475 5.83833810021666 29.728143892873 33
"16" 246.352119283587 14.8757799224616 1.46647637612192 19.4283789512194 34
"17" 140.844213756591 80.7461622309344 23.9596815274313 95.9927702084673 36
"18" 202.870202216946 25.9175466923304 6.08115381071127 89.0097738177192 37
"19" 190.362393264772 45.8162450728865 3.89476662425259 153.068463158288 39
"20" 288.327522775173 7.05176946323859 0.765858509905027 23.8733391731359 40
"21" 212.064852924639 14.806466834318 5.12696239891892 92.033848192936 43
"22" 253.42620025539 12.1478598505592 0.943200966881131 34.3892671194764 44
"23" 179.176750628155 33.3317599790803 7.42884823451083 182.430329370915 47
"24" 279.385195926005 10.9411234360532 0.56379730421947 30.518003231357 48
"25" 183.691121903305 35.0599856344491 11.4997603180922 80.8385696911392 51
"26" 188.216739379809 18.0044098885725 5.97351516547424 90.1508787667043 54
"27" 211.220078323953 19.2386112259264 6.59444366200737 33.2312831059093 55
"28" 203.683871714688 47.6243929609181 4.03389776557187 46.0284864072038 56
"29" 190.335292038532 59.2687583983087 5.47681562874667 71.4343683330556 58
"30" 171.313567833354 44.3396073651951 20.6407314242414 43.192048784589 60
"31" 193.964904069154 9.39067556281761 3.96181171612662 178.877907489785 61
"32" 162.095743494271 25.4456872794655 13.8609081055416 178.628771601269 62
"33" 226.224959041395 26.9954989728793 3.42504124391052 24.9721578967946 63
"34" 244.906809155946 14.0510982928462 4.06051584435886 24.0860001125447 64
"35" 170.126283994283 37.2968304090494 9.50785320930449 161.649555955804 65
"36" 231.893728367266 16.4359656120906 1.702676364718 72.8423211322072 66
"37" 163.455999695664 30.68850474169 5.71354820237389 27.4314449376501 67
"38" 102.005258899273 24.3078719544663 38.2397292130361 885.660522656813 68
"39" 195.212942502111 25.7268662080279 7.52077752921297 58.6389095031827 70
"40" 234.65867176815 8.86097452661091 2.39935570781206 30.0665197788541 71
"41" 271.916450500752 12.1776235798004 1.29925382942566 15.2317766121225 73
"42" 223.534346572205 19.7745192637571 4.25348832709979 43.1164501063713 76
"43" 241.851597487879 12.2716610225264 3.03474191204735 45.2171720277109 79
"44" 220.881717316919 0.957021249679814 3.3572731113511 104.346309949816 80
"45" 307.517449955321 0.926137634817524 0.236877024573124 31.104065550188 83
"46" 240.647127395262 4.92769271273703 2.80675362931276 56.3159735157524 86
"47" 159.681858169035 39.8900613202517 12.8360266013486 206.633762361769 87
"48" 187.72730963947 36.374635848899 8.48462074262786 36.5076300495558 88
"49" 98.3614413235571 100 20.4335731064952 182.616597376566 90
"50" 214.145840699368 24.9392162310211 5.63787639632074 48.4260132313524 91
"51" 231.575443927615 7.32358525602797 0.725691585751817 47.9989996994583 93
"52" 304.098864737431 3.34270624631181 0.445397838852112 28.4995110869005 95
"53" 260.462864633455 5.94591882026981 2.16018021050716 35.3901316545097 96
"54" 158.538210163023 64.4452159778554 7.89577455240059 283.369906223632 97
"55" 285.489378095708 9.92220833309743 0.494191963822364 33.655631575344 98
"56" 154.231263880281 75.967017128965 7.83881897759105 296.517369391352 100
"57" 233.041769324009 10.2447821144634 2.37488919199615 41.7788242521634 104
"58" 258.182786348782 4.43396664596503 3.40398699726203 27.5243930264055 107
"59" 271.82202162705 3.73360552499332 0.893099873482793 39.4650311452821 111
"60" 164.822054938385 2.62193869751255 10.4304856275611 243.300328567502 114
"61" 115.728430268144 30.0875001553899 0.422312034122069 67.1541588854031 115
"62" 134.094949198446 100 19.3842380275525 157.794875051471 117
"63" 224.661301758906 2.19292476482367 2.28946335243137 103.702020952507 118
"64" 254.970921100186 11.0151235366392 1.60614022830947 24.2576126805509 120
"65" 149.48941981817 42.1571032085176 18.0414076806194 293.49010486573 124
"66" 206.129298043195 23.7134598635747 4.99536874460701 32.7864182246296 128
"67" 285.787191748576 5.1971366658966 1.30137413101976 24.8242107748687 130
"68" 234.757940048801 21.6364982113213 2.75572933069233 34.227988195792 131
"69" 223.99641083305 3.97163896827431 1.51837035295191 38.5900022522612 201
"70" 259.74801817624 2.48330949948565 0.629207147463801 24.4776652155545 203
"71" 254.741340940635 3.24240581219481 2.33277830348623 37.0535475215839 207
"72" 215.092226428548 46.6207530758574 1.60720523953765 75.5958122078572 210
"73" 171.863246641396 48.8816388398984 3.62703344041054 214.096659744138 218
"74" 205.094288417225 9.78944274074916 4.22687634100788 72.1207286635442 219
"75" 205.424082122102 19.9448172713023 3.87442749410031 73.2648283800393 221
"76" 88.9123554550232 100 100 61.5990821449498 223
"77" 153.703284089306 41.6940851540648 16.7923119373546 210.565285265694 225
"78" 222.770646083747 18.9926094443486 4.22910108701876 48.3762029221194 226
"79" 156.043497922634 6.3640249458656 22.7580739495357 146.80088790598 229
"80" 232.214639633691 12.2363134050661 2.95431667510292 40.697348152422 232
"81" 188.895997758745 5.70852510354843 7.11363175138237 138.411018174539 236
"82" 249.948418700637 4.44898040402186 3.77290818500553 17.6469076858709 237
"83" 240.087800386411 9.24306405929322 3.72732774446385 32.9940239229982 238
"84" 215.763172225073 18.3663422425903 1.53234819927547 122.533269731965 243
"85" 264.752324453626 4.68134039554521 2.19676982662589 28.737646453293 244
"86" 274.637644161897 7.73065121115979 1.44850448796279 29.6274204359876 245
"87" 150.633871509055 13.8999855009431 6.23504064627834 262.55838899316 247
"88" 253.734610245122 4.25069936730787 1.67329186493864 28.3492001766852 249
"89" 299.440083045742 13.1760068281982 0.379846207035653 19.421022612919 250
"90" 265.700952932355 14.6363393402077 0.944773079343657 22.383951950949 252
"91" 268.381257039766 9.3011693014934 0.912654038066245 18.6376554985796 253
"92" 87.4444177234627 100 26.0371197776879 179.203597425372 255
"93" 182.033354570354 22.8511484464649 16.5849679536444 55.7343644659484 263
"94" 225.951146778065 11.5307181066595 3.72446283161682 50.0569484654391 269
"95" 214.068479386768 9.10730888410693 4.08771250216257 59.6890073118815 271
"96" 207.57501381949 4.57046822004384 2.90668982084952 157.743779414887 272
"97" 262.972941817251 5.58114085246548 1.27023552814066 56.783899926168 274
"98" 222.423202052376 18.7603724301177 1.87788785588538 81.3314162114485 285
"99" 202.322871754289 15.5375537901544 8.37721698954332 75.0428179961949 287
"100" 259.75461499914 11.2452640078598 2.08543994031184 24.6145700512498 288
"101" 286.862414174513 4.49803809648192 0.514222943965052 18.6633178707943 291
"102" 262.279033707659 10.5217396466588 1.15014148438533 36.2916994719027 292
"103" 196.511340749868 10.4798566063259 2.78194515300602 26.2754357368275 297
"104" 157.522161959813 16.3224382404142 31.1597788320759 58.2861000088167 307
"105" 237.194703851176 28.8550535601534 2.68907738588898 18.1694453500238 308
"106" 259.814542198936 14.3200306082495 1.15877589510128 20.0483038129237 315
"107" 169.503398207326 31.6896248501761 5.03957019238451 102.492741766006 320
"108" 132.01750247845 93.1927531014648 40.2397826532543 112.393807342457 322
"109" 147.441788360951 46.3204644830857 11.5210720827456 330.848310354256 323
"110" 255.553024151717 4.92341239311649 3.15464321676915 16.9599509821596 324
"111" 240.640634293674 10.215287107779 1.32400454583169 50.7971195517865 329
"112" 248.465214046579 12.4288438555015 1.98926497956431 14.8940071148913 331
"113" 204.509113672047 16.7150930936126 3.76233374728624 29.2312244807623 332
"114" 274.132412847927 6.71016731680817 0.94591671946558 30.3733621371315 333
"115" 233.892830875619 11.3392859854916 2.32052643757073 71.7481414506706 335
"116" 232.879360073356 22.6811230003634 1.17153904034185 37.6854267674368 336
"117" 242.410943839076 15.3984874186394 2.86651541585845 30.2469909848115 338
"118" 206.842186607206 4.16783081047817 24.3076471957091 18.7763070933241 339
"119" 273.56647552933 3.18958815482477 0.312786909252176 37.4836561827962 340
"120" 248.142377904976 12.5964619173556 1.89168542201288 28.6791642916278 341
"121" 215.366056286264 21.1029005586181 3.06200641180953 95.0855873500557 342
"122" 147.105027937056 59.6944671332837 15.9394462470788 145.50396245321 343
"123" 262.457278996079 7.91524735513707 0.585417881272693 47.9739460696285 344
"124" 200.21621293367 28.179419920442 7.36588123857979 57.722338186133 345
"125" 270.440486134091 11.3150771357399 0.430871095852071 30.5192004871992 346
"126" 262.307186912428 4.47200127219706 1.29963712772834 27.6872484832254 353
"127" 280.372320903689 8.62880431378346 1.29811999087101 16.9750211982314 355
"128" 179.562496249016 17.4840472441395 4.61046894823766 219.630579656161 358
"129" 225.273826633416 14.0430573659569 3.21463179385742 61.1521270012673 360
"130" 191.803557004238 14.0995083006919 8.20137174004006 35.5396090181448 363
"131" 132.292750622737 24.6951661937326 16.0629951249451 76.7488186512764 364
"132" 279.53132910843 3.07863892331254 0.975987970720612 18.5389791867571 366
