"V1" "V2" "V3" "V4" "V5" "V6" "V7"
"1" 246.572132910081 10.6120840061663 1.91522898120095 49.7572394853617 56.8029113226727 61.3414561023307 3
"2" 132.583623329798 100 9.5760577246675 173.98574274538 168.396314779225 256.328265915097 6
"3" 251.967387308895 2.43303854649887 1.70775965026567 19.7176149725044 23.3159651727632 32.3284810206572 8
"4" 228.588842776395 5.03468039472518 6.54993282170655 45.5979512786226 57.8773601512091 97.7524313211265 9
"5" 189.377339608172 29.4195101078391 9.63224192417406 26.1510787916297 65.1094338299264 81.4992737934588 13
"6" 242.062619367379 42.8900135680636 0.756173904502824 45.8568583749906 43.2719148053445 33.2713926616246 14
"7" 240.57074048469 20.3307716867066 1.28084840780897 40.075710679233 50.1091152619365 55.8024848815985 16
"8" 176.955832028022 18.4714728522679 9.74940609491795 85.6509873398193 114.615421430616 108.558621494284 17
"9" 245.861051163452 22.2220594573004 1.38767795507025 32.7925271728647 53.1867938215177 33.5378750005171 23
"10" 249.491584035318 3.77693419878866 4.1958774151807 20.592001620075 49.4365862570513 66.5029702923527 27
"11" 213.504492112845 49.9266830644689 1.08412665558503 28.7321129128944 68.3919076161044 268.579847715336 28
"12" 206.522185186005 23.3614012807945 3.47182513165821 14.9175470455667 26.237919002408 32.0081677538252 29
"13" 90.2739430504612 100 23.9413821290188 269.499930271659 497.480303118423 610.567759129671 30
"14" 275.79950162107 6.87095275122726 2.04448637546722 17.985746894583 10.1156782756664 14.639656944075 32
"15" 239.028412697943 7.16543501750738 4.20093218175368 11.5635467975987 78.9952587776487 40.3443877101081 33
"16" 253.997420415781 15.7249404515528 0.539483687684724 40.764086330376 26.6394710192536 46.4192818493747 34
"17" 229.315968200108 8.61330092341261 4.30090973203297 9.53712138918282 44.2571156267152 80.949334317801 36
"18" 167.035597092646 65.4795388883543 12.5787086644163 74.3226984293687 83.3272008558029 111.392169386083 37
"19" 226.826168244911 4.82235293703569 1.88008236865326 139.36075454278 75.8309420190844 161.623574290067 39
"20" 232.432872967882 16.868227372824 3.0719086996789 16.7502092878903 61.0940552874943 70.7777110686919 40
"21" 231.155720938476 6.20769158292344 5.46056037416958 45.663004715724 60.6026463143551 64.0375069587284 43
"22" 232.398282882558 15.8248916256803 2.87510358566701 9.70701934226777 18.8318435961241 35.1566820242838 44
"23" 234.806832897192 17.2977632347609 3.18669704336249 36.3950857118808 42.6679497068001 63.6801165331376 47
"24" 293.130941547651 5.10397914455008 0.881417561560833 20.6564408388762 19.4877102861209 23.0899148124456 48
"25" 260.691599707559 6.52100840600846 2.0674759606041 17.8367192243758 43.1399922954897 77.4860148848099 51
"26" 182.565406962348 50.744164464008 4.84932561358433 21.3655882626516 59.6502909105657 43.2133469475768 54
"27" 251.676093944989 17.9129144061315 1.20498149627158 18.3437985514079 30.3335312607838 69.0087901162796 55
"28" 79.5304462838833 100 100 27.7231413008573 74.8026431637658 33.3883363371506 56
"29" 225.917349872176 17.7575158562611 1.99440670092151 61.1056226193034 89.9107694111255 166.740157864486 58
"30" 256.516703860534 6.2431939354657 2.89290846622554 9.96612323227836 35.9774603749563 69.9617689979967 60
"31" 290.239818209971 5.27688988127864 0.855817528184653 9.71897658844525 26.398205410092 20.3301883990126 61
"32" 233.496355516846 8.51613028660061 0.825269309862446 37.9286525271721 156.105510342589 103.992116806786 62
"33" 220.840890090763 18.8651924276614 4.01466381910962 25.6393396283598 68.0704428297524 70.4194949369322 63
"34" 236.989187474304 7.29429773936398 4.77236183913589 42.4972762559163 56.4102592072192 68.7038739399382 64
"35" 275.234556289963 6.26530737798245 1.66334993742246 8.11419923991822 27.343897304151 16.5474889261136 65
"36" 242.770350720035 2.50471975062677 3.9523139126074 19.3297118673287 73.3918245942512 59.9368959032692 66
"37" 162.24554584948 17.2498545650136 6.00680775379741 39.4997318583084 86.8007570430815 64.320835540211 67
"38" 207.677033178204 24.314933741659 6.35318193466729 49.6384049587675 49.4114511693278 74.2526548224041 68
"39" 167.082991529634 23.7860277137983 20.0841613277803 22.5738433337314 139.232087701886 237.494360629358 70
"40" 232.391247696065 12.343313577297 2.08006793294871 3.31813619118866 48.16257796799 35.8836554931118 71
"41" 182.276026962389 25.6334896026419 10.4658421362746 33.2930233867415 133.117601260388 188.25009940653 73
"42" 258.716420000569 8.83619352931452 2.55313423216823 22.5549725251687 21.5650209137081 27.6062240436738 76
"43" 216.060005756772 20.6682354689062 6.22842971906604 24.671428285968 60.4880726038077 50.7144890243447 79
"44" 260.570924003716 11.4038353707601 1.176590754741 37.0234607762326 31.4597998378791 53.8323506815122 80
"45" 270.266529371478 24.647393464849 0.507104372873669 4.09920392961473 15.8900205969691 46.1502861471716 83
"46" 149.829509810526 65.3499293384361 24.5493165017545 86.622817686805 61.0660363037329 63.7664900671892 86
"47" 250.357978502121 14.4825815011113 2.2612341249594 6.44204490550613 31.5772918478664 37.9818711434469 87
"48" 176.962798870225 41.5014745305442 9.11580232065376 37.6768913803943 72.2817113734676 125.049595370098 88
"49" 261.864584093835 4.50828348019929 1.96606077358152 13.8798882802209 26.0741518267019 27.3863832210583 90
"50" 163.120797599597 87.8721711068335 10.8624854383415 55.6189680928698 109.022531169468 167.032934180952 91
"51" 220.355470807003 14.7792056880676 1.95508980988102 8.245798617122 16.9760014831864 35.9981973563345 93
"52" 123.981313400647 42.0940935804983 25.9873990387937 299.420741771951 442.791530664253 715.125043946988 95
"53" 247.722424130213 31.8051028405156 1.4096785893958 5.7507877980208 27.3796665362862 12.6893961311919 96
"54" 200.313237761566 28.2754416515752 5.3994440473669 97.0512202176525 101.09215387766 120.850184799779 97
"55" 248.269266045283 16.2430484336115 2.52030421754524 11.5307019002287 32.7874681836447 50.1977466209376 98
"56" 239.008254558058 33.2805569231785 1.77143661594907 6.83834569154419 18.3511402633548 42.9493290459484 100
"57" 247.512289152274 6.525376612924 2.03889839853116 24.8338369008564 44.3084345991349 26.7927981459436 104
"58" 158.313634844295 100 9.03166232910801 43.4477698542947 73.5408894677178 101.030711009636 107
"59" 243.771297823241 8.74349350484497 2.96000332117184 26.8551363321683 32.7345193208481 58.9997278262922 111
"60" 211.674418489535 31.6365466679212 3.13998964984594 14.571299262188 49.3884587790722 42.8174800416674 114
"61" 92.2551548061654 25.3180500232504 10.758721492917 95.1430063227135 68.127724369383 77.1625491065827 115
"62" 108.66974702838 100 34.88069862811 47.3776142135969 92.6192811548671 94.0596694095567 117
"63" 256.518538142935 1.89930046012587 2.41703596952502 25.4215806502033 47.9164359672397 60.1199175020737 118
"64" 125.669214534093 100 26.7021331666021 28.552937786446 73.5676047846617 202.006698315108 120
"65" 238.406493292474 10.6182778446282 5.19723866745074 11.8097332351009 28.2139510635406 48.4127663019808 124
"66" 223.832352438105 19.8024877806551 2.23827117295998 14.6599941209976 39.2858930258989 69.5624606311668 128
"67" 212.176256779516 26.349659634407 6.19266911590953 30.3291144270302 46.2052258876376 36.780224447453 130
"68" 214.423305759325 28.1779147605645 4.28079249763799 21.8260582002445 59.6272848442569 68.8257417990404 131
"69" 131.991895807001 100 8.15160424284989 49.2792285897855 78.716607646942 110.53241311359 201
"70" 203.741358086585 16.1230742997264 2.92292087319798 6.67240388087715 37.0695782431416 33.5907196359418 203
"71" 205.245776187398 21.3679562865247 5.6706023932298 20.6734733992942 96.4148438827948 55.3891480931341 207
"72" 186.125185668506 40.1765762658906 10.1226770987378 37.2594735781396 82.3745252081641 58.7770104951125 210
"73" 258.791436835898 7.44882741691044 1.74149614973629 13.2202392213274 36.1215249902025 53.7927900548273 218
"74" 162.066283089528 30.6810932557725 16.5243651119295 19.2522164607146 69.0625652457448 45.4082222811112 219
"75" 242.609519828817 8.16354946777855 2.91370974148911 23.2177698189012 22.732185262693 36.5267929040336 221
"76" 138.730108769334 100 15.3057760748075 9.69016248709894 50.495780219489 86.8361158764851 223
"77" 269.098806955295 7.28207145244507 1.05741570896688 29.378475865844 44.7695406923802 66.3804526920482 225
"78" 265.213904898535 14.7223951767896 1.42362044487021 14.9589151078142 17.1108583269095 22.0874901614518 226
"79" 105.022914885111 100 27.6897753699945 29.9131139991208 52.5185934678995 72.0069286105532 229
"80" 250.819975126442 14.8594327046105 1.44969190181231 10.6522308425129 49.3318950713776 24.0808819366611 232
"81" 134.045943716009 100 12.8031478527814 42.0430013420045 84.9097674494209 109.624297707134 236
"82" 287.72974681743 4.76260551223762 0.193005503399279 16.7579935965918 22.0696162006165 35.9946488715743 237
"83" 236.757018659716 16.2257219953702 2.14442102476047 42.1286247414522 42.1570571206699 55.8944856549031 238
"84" 111.596647807211 100 12.4250704998382 102.679131020784 303.998923541504 611.390648096602 243
"85" 148.787907947765 100 7.42571520942562 22.7836120846394 66.291924181899 113.030957077164 244
"86" 170.583249739353 56.3225342912684 9.97279543086561 77.0210111300471 152.072349051708 165.683486351996 245
"87" 225.626729282288 14.5306448683717 1.08756192659596 12.6050816113578 11.4538994091566 27.2996899338739 247
"88" 171.935349023783 11.262787184284 8.05191584657963 47.797536524427 210.459097180188 259.720014393707 249
"89" 252.092886020472 4.80852409907159 3.55115962517751 51.9259327517711 28.8593621277508 59.5491582975745 250
"90" 279.488737133104 10.6523645475413 0.732101279192522 16.5149611115029 16.3233106614805 25.5576782251112 252
"91" 286.007484364255 6.82567614035161 0.475260475847115 9.72550545319599 20.8682964821126 22.1496999386431 253
"92" 202.062388474781 50.3347528955502 4.03006696099301 19.6917041311104 74.5602581653077 91.5952152620015 255
"93" 138.839020198237 77.2101811509637 16.3818457087557 252.094813920699 273.352716282744 398.101766086653 263
"94" 214.151159882152 13.6922576540821 5.06125931436112 6.28396416390255 65.6181621051725 126.10699236752 269
"95" 150.186958513936 65.8093880555889 14.9151109937011 62.8098608579345 125.454541735098 118.274630036279 271
"96" 241.802848359667 12.7411370538987 3.78607275949012 18.3253800141243 24.9014442294278 51.6884785279496 272
"97" 256.233312686043 15.8183319895005 0.581561447160064 27.8757931784664 63.7983622872175 114.222896730698 274
"98" 223.108794070391 49.2911690106366 1.74493490744753 32.4915226653572 34.2263264511767 26.9394785621193 285
"99" 222.550658843716 30.8777442171568 3.2402181622443 18.9258324889953 45.6972736071343 46.7970210115098 287
"100" 229.806122863485 34.9150216289025 1.19753712161921 61.5143224977892 67.1873376492508 52.5274806484761 288
"101" 263.658204813158 8.69595703132238 0.836506082298579 11.1122175334585 22.5893885568449 34.4533268877702 291
"102" 254.924587602619 7.9817172394043 1.19522596218303 47.0407100114075 39.6572173026948 77.1370405870934 292
"103" 200.427267042947 3.57936194204178 2.68997529298531 50.6858410386225 19.6186888078889 60.7634850456536 297
"104" 243.308675985484 1.98610470473249 3.17473551331208 16.8314676005628 39.0534878980691 45.0989537739821 307
"105" 252.169030028075 26.7706578610416 0.853939243910514 22.0319594567603 38.9056949081282 74.7898266326008 308
"106" 222.842065256648 22.0400956367194 1.78930913251379 46.1811836909045 83.3393283492237 71.9620172741325 315
"107" 238.290350391829 3.79994891183665 2.33603197840537 6.01731276294203 19.1014891683951 38.7033155256111 320
"108" 252.253373001125 5.7546765532896 5.10779806816167 25.7615359790207 19.9287366948329 25.7619272043307 322
"109" 212.751154137934 8.16883382924056 7.10488444889047 89.1561173498402 110.820405914189 54.7460179592676 323
"110" 80.8286434227621 100 45.9406157562157 25.7630280109937 78.0360133611451 197.52589437243 324
"111" 146.008404822541 100 14.4727937475068 23.1904139755034 100.55660384044 99.4196491988471 329
"112" 237.421920775942 5.22656006684687 4.1199276097912 5.7784113602267 56.3352159613263 34.5145657481014 331
"113" 168.219103755002 10.9639298637391 4.6790042670709 159.672216983364 238.322984164987 131.461199354839 332
"114" 202.621363198882 16.5190534086866 8.33493026659488 32.6758626798574 70.7648976702199 60.9404223012119 333
"115" 222.598668648993 6.77693884603614 4.48756439213705 45.7422380465673 137.014305353246 79.2678713537986 335
"116" 265.709054340123 12.5414595375477 0.580710435625314 9.37092052325336 32.7095095262554 21.7977311037496 336
"117" 237.814786938282 23.4845399179873 2.7458545257591 15.6415020325424 17.5324505933813 26.772270179583 338
"118" 173.345756546511 45.4065285354152 8.60073282080751 72.9982675942492 109.326918737114 122.86776167899 339
"119" 222.394717230607 42.1437588182211 1.39256531699837 5.44841902954408 27.3027004127404 32.6346668102602 340
"120" 82.0718882952396 100 50.9710740138093 196.495141588767 316.988999750044 415.399336760846 341
"121" 253.242864068212 27.3680160204724 0.344788249436473 40.635724518878 52.873300328267 62.3579179413372 342
"122" 223.372146922956 11.5748382271851 1.69945586291099 61.7540775146265 46.0145670991998 70.6866246678854 343
"123" 277.372975132444 8.9719138996468 0.547641502015932 27.9389901765491 23.7038059842154 36.3908556275116 344
"124" 266.56768450411 5.72241595495854 1.76420025729286 30.2540022030151 54.5231491416986 28.5680391127061 345
"125" 91.5401179234971 100 31.7925916971778 177.710523028734 235.635900108602 459.561604028435 346
"126" 168.986609539055 19.3536458813227 8.25552103140589 84.0732757523065 215.275399737189 236.280744217391 353
"127" 235.279365837556 11.0260955914373 3.28300164151563 28.976060753154 39.2872187957639 100.66338127265 355
"128" 250.976269446473 9.88268436892964 1.46569029389851 47.0010739632634 53.6084021360644 38.0440094749212 358
"129" 143.306916100889 96.4142186551536 21.7660717293318 58.7117829091869 87.4620347431873 104.949273258037 360
"130" 190.421623526895 13.5152723081883 6.49124879818485 16.4316161428736 64.9277761548339 102.841833075951 363
"131" 197.426002936109 4.12767082802981 2.32688856165222 19.8967579646183 47.5050153489775 35.9860700724253 364
"132" 248.416208186341 13.5225526871454 1.2624871331199 14.9912119945222 20.7866499793343 36.8504505847935 366
