"V1" "V2" "V3" "V4" "V5" "V6"
"1" 68.6327698421543 70.2876167523683 23.4061662961951 500 48.0140232041754 3
"2" 90.9748717833636 31.8952395224783 8.38833511393173 500 65.8959699353064 6
"3" 49.5667661943778 100 74.5825720943273 343.545461087542 5.90597352940879 8
"4" 100.811494094943 100 8.25258524748669 224.274844609924 1 9
"5" 109.826993486291 100 7.12737527266845 101.970947079987 1 13
"6" 57.015257877567 100 96.3328092671489 252.987867218016 1 14
"7" 103.71268164051 100 1.1620139677967 337.453685012047 1 16
"8" 80.2631887235869 100 21.287052030658 129.035706953833 1 17
"9" 76.6039625512925 100 10.5294288581778 495.68902346546 3.34180059652609 23
"10" 83.3607180872821 100 26.8617354844886 157.046544870774 1 27
"11" 83.5679251723153 100 58.9608354952285 54.6507159820621 1.39562664886168 28
"12" 76.0172359177387 40.2203571918881 11.4329708017377 500 61.1148994750732 29
"13" 76.4137344588782 100 33.4906278202062 137.923846108677 1 30
"14" 122.591845854525 100 2.38703738129567 165.594928431398 1 32
"15" 64.5935626927774 100 30.212516448526 411.411381786492 7.25472725435873 33
"16" 101.662119107987 100 4.51287137484796 226.678607424867 1.7496060975883 34
"17" 69.3078227615021 57.8690598586274 19.6389064068826 500 55.0021082564687 36
"18" 80.2309324280388 100 30.42404656935 158.080189708452 2.22712151767722 37
"19" 87.2170373331377 100 4.35554717347663 492.877701314102 8.4106956202687 39
"20" 60.4758003718117 91.6339518732768 35.3086468280342 500 46.725783234819 40
"21" 94.4490781067203 100 10.8275886897581 264.08529095722 1 43
"22" 71.0214905199079 95.216367054224 11.7052199239627 500 47.525731115175 44
"23" 80.885650712151 100 7.54133508685379 500 2.62951654816526 47
"24" 89.0682018381661 13.5249411325075 5.81011908858378 500 155.505389194828 48
"25" 78.8796710139036 100 10.6881307353387 499.276765092675 1 51
"26" 75.495840208431 100 16.7267865469507 280.639139835055 1 54
"27" 87.9680141299726 100 10.565540631022 275.27046583906 1 55
"28" 78.843548902986 100 24.1801616489434 213.534754706855 1 56
"29" 99.0701931613316 100 9.87157947884886 190.442790774997 2.29442577047327 58
"30" 100.430994554289 100 12.2166737396049 164.89095289998 1 60
"31" 86.5291445093826 100 23.0481258113862 105.056236902892 1 61
"32" 86.1275584926623 100 1.64153095398302 500 4.61407454954132 62
"33" 87.4872693195045 66.4603557844538 2.92829398557066 500 78.0192406256481 63
"34" 96.4689830777623 100 21.3769398119253 96.3090393733463 2.89208862309569 64
"35" 98.2659161177022 100 12.9917982615641 122.045287736304 1 65
"36" 97.1196727801122 100 4.81685444503245 331.865805828577 7.96238660875235 66
"37" 62.7641610463668 100 27.8177580656306 207.206954636386 2.54279805411021 67
"38" 105.696318075949 100 17.2568591368132 70.4774804240347 1 68
"39" 65.5669070880141 100 18.5535795283394 500 36.7414816549154 70
"40" 75.5329925468558 100 18.4844576973443 215.003759254554 1 71
"41" 80.3167848651873 30.2447941602219 13.5205485265484 500 51.2950155808221 73
"42" 81.3053122916721 100 23.1360066469792 199.306003750983 1 76
"43" 57.1103372790544 100 98.7582784726258 200.981540753957 1 79
"44" 72.629450734813 42.5626833509985 20.9451421434637 500 54.5262317426955 80
"45" 72.5817719481784 100 22.5562691514465 364.151646414053 5.45181619123094 83
"46" 85.9408005625039 100 8.94678320568288 361.903211056055 1 86
"47" 84.1612735350263 100 16.2014347907947 256.111069287177 1 87
"48" 58.3310620033178 93.4373389079147 36.002347486563 500 44.5404846303008 88
"49" 110.729133082708 100 8.48186909658109 102.876721277366 1 90
"50" 116.475737388724 100 0.802505858644872 219.254743625386 1 91
"51" 79.3840500743556 100 9.54282587715243 279.227539860861 3.46234820899594 93
"52" 73.0418235313474 57.5811560903825 18.9956622852034 500 40.3592687910058 95
"53" 63.9503817652027 100 25.0057765172444 500 31.2731354972795 96
"54" 79.7172679800677 100 15.9391028373649 354.382373042167 1 97
"55" 81.6933660528805 100 18.7662171924463 296.624755766067 1 98
"56" 83.7418072764262 100 12.7057518994658 352.183613695961 2.2695632026991 100
"57" 71.1737900745968 100 67.7311522578482 87.2096081905121 1.55002865165657 104
"58" 78.0011074254806 100 24.7385878755184 223.822637218248 1 107
"59" 81.6457716286243 54.5799245070207 6.21983621971425 500 69.171100503133 111
"60" 94.7941562859472 100 18.0709941249451 75.2147096383999 1 114
"61" 42.2336232333377 100 15.5362603923751 183.823103166025 1 115
"62" 93.3679011372675 100 9.46622222242364 295.732511710013 2.12316358851882 117
"63" 76.4679900211976 43.8812913257284 15.1386771039941 500 48.989573238471 118
"64" 91.5500257995172 38.2363050407336 2.54635357948207 500 152.874321364119 120
"65" 92.670562604797 100 12.9679542100382 215.344560904644 1 124
"66" 79.7828727955505 100 3.57029873787994 500 1.06841250541676 128
"67" 88.3897532661195 100 2.83264879748813 500 48.3235893831055 130
"68" 68.5183047647352 54.871256732631 25.7559512319241 500 40.3743551202177 131
"69" 67.5108766493305 100 10.3045680870425 421.09630821339 1 201
"70" 73.0986292028325 100 19.866978112021 89.7161397128252 1.42687186846665 203
"71" 56.0602438385727 100 39.333320911537 500 37.1772509690977 207
"72" 97.9709175344137 100 1.09401842494672 394.257157515107 1 210
"73" 78.8548247893541 88.1847295559769 7.85901734838161 500 33.1485153850319 218
"74" 78.3464567031056 100 9.91061500120305 355.894470542965 1 219
"75" 61.927087366652 100 23.1225538304089 500 38.9769627645285 221
"76" 113.684917960652 100 5.84009835389201 151.327257872768 4.37053867880429 223
"77" 84.2653030728055 100 5.05053158450296 500 47.9507934355512 225
"78" 79.978006205789 100 12.7880768857314 394.486895808755 1 226
"79" 105.728702059768 100 3.79714091719919 192.159303187532 1 229
"80" 78.0033278989906 100 56.1558767319296 55.2519165462141 1 232
"81" 78.3721613870405 100 7.074761147516 498.321012034377 1 236
"82" 64.1538696506707 29.3078915013482 40.9128246746605 500 68.1512372762225 237
"83" 70.8872346373534 100 52.5010968038115 142.328474003991 2.07798140230907 238
"84" 108.437728050804 100 2.36605891760816 288.037403354029 1 243
"85" 86.9043366643291 100 2.62120861410043 456.846447412501 2.81234920413966 244
"86" 90.8229083459193 100 14.5461301965397 213.897029942394 1 245
"87" 61.8351232914325 78.5011099853191 15.0796491599215 500 44.4103510315603 247
"88" 80.7629875908851 100 41.1043924355102 65.1489163581378 1 249
"89" 94.3729864677809 100 12.4065820262492 253.134215684449 9.17998265540318 250
"90" 77.4891821786706 28.9438404988973 15.876407071395 500 58.6582290035731 252
"91" 48.7039954364549 90.6512347445794 56.0513548397909 500 47.044773793337 253
"92" 130.133106404215 100 1.5078453663032 148.26133687185 1 255
"93" 77.0712464825329 100 32.7243483239437 156.935640569667 1 263
"94" 78.8926879292431 100 58.2072238948182 53.716643380833 1 269
"95" 92.0060866384703 100 10.2665552821654 204.503354047263 1 271
"96" 78.6740522787814 37.1608226866112 15.1220542071746 500 57.3485799429047 272
"97" 102.310134163856 100 1.81836538987714 365.141614534777 2.22444096381927 274
"98" 87.1123163120911 100 6.1904903587128 397.546870104925 1.99403419378888 285
"99" 72.6616344146613 100 32.204157404852 260.554022944475 2.27826408538173 287
"100" 99.9129330909687 100 16.4258487361705 94.6834909649246 1.77910942558251 288
"101" 64.5123949108342 96.4685014934783 14.9521772066405 500 46.6853366909085 291
"102" 67.9952251949581 52.042301594154 23.283197064522 500 42.5000337606428 292
"103" 67.5673489203075 100 12.5271578776692 266.988604842406 1 297
"104" 79.8010030988404 100 13.6313387308774 212.740780777253 1 307
"105" 74.7138096493886 100 15.2066490442661 500 4.14676539221701 308
"106" 78.5672435312102 100 26.6486121393844 163.042240024552 3.6103344719477 315
"107" 90.0715331718578 100 5.71231069611805 218.956657413893 1 320
"108" 82.8464554894324 44.2954058276269 11.7142128710521 500 50.9766667438291 322
"109" 64.9308614470887 100 25.637701253656 500 28.5246320453281 323
"110" 66.4288703657272 55.5776846386794 23.005447028155 500 43.8584277798789 324
"111" 67.2477223414252 100 16.5677112906796 500 1.12639815276897 329
"112" 74.4304813396557 100 9.65713443511871 499.458033444607 1 331
"113" 88.4449996160093 100 7.82781284621871 233.019372883098 1 332
"114" 69.5512087356167 81.2552741344824 18.5858506992128 500 40.9426287962877 333
"115" 83.5571538653096 100 28.2758273790199 134.647476128955 1 335
"116" 60.9753624170518 72.8076740302077 27.4437118280999 500 47.6764675419723 336
"117" 129.038224185294 100 2.07710971522664 155.207351825242 1 338
"118" 74.4439576020892 100 19.392474718216 341.001071517743 1 339
"119" 81.5716021727735 100 12.7754600316856 278.535562604976 1 340
"120" 89.8127497274549 47.703087934922 3.28131032047167 500 124.057414942327 341
"121" 99.3040445003344 100 9.11696888016473 212.8286151918 3.01196394513348 342
"122" 83.2642720889311 100 9.98483579047491 363.786539843736 1 343
"123" 51.2787602522704 100 100 252.008321918521 1.26997612155013 344
"124" 87.568525432022 100 13.6144504984207 261.353882785387 1.64895725560686 345
"125" 74.1109252516104 71.964027789334 11.4992905054743 500 42.6745999776032 346
"126" 69.6420744990884 100 18.8604732632435 401.243235920518 1.04996692016472 353
"127" 77.1231128526571 100 26.7337774697117 237.218886417539 4.68246559735458 355
"128" 47.6981322111 100 100 325.134025636672 3.10763285162109 358
"129" 81.8129467528141 100 22.1334483185516 197.92517636027 1.65786199069089 360
"130" 81.3726322666423 100 1.38095420537377 410.335319349869 6.22651325303886 363
"131" 69.8436719899239 100 7.76335660116409 348.915701786488 5.89372683742163 364
"132" 75.8600256649911 17.7853185136321 13.391938901087 500 66.1941109755418 366
