"V1" "V2" "V3" "V4" "V5" "V6" "V7"
"1" 196.385127436167 22.3930591925944 1.55122068490463 64.8849067121383 62.4734606346833 0.457566419786646 3
"2" 237.807277355867 14.467790818213 2.95397742555473 72.1361586996568 12.1007192548398 0.173204080765096 6
"3" 79.5224109465039 70.8101168716015 56.7602819945966 500 46.8096014160883 0.0377405022033981 8
"4" 86.5059098906088 47.0902837782362 10.6318045403986 500 500 0.0500008800776491 9
"5" 122.243909966199 100 29.1540853646793 142.414619438344 186.746445473035 0.0995726433762404 13
"6" 113.622493295637 100 8.89271195183802 500 50.3806471251843 0.149999709509579 14
"7" 139.937255175715 58.3645490419262 19.9414335678196 313.028748286656 500 0.430870468609231 16
"8" 103.857442656522 83.7795075089698 35.5905006904261 500 308.671768383512 0.407200201507338 17
"9" 107.845123895748 98.8925574839257 32.3262940254333 248.35217653732 500 0.258976815710499 23
"10" 110.668433487986 64.4227814363752 36.2141397105383 500 174.253629420568 0.21660239970679 27
"11" 118.57815273737 100 15.4022157149959 202.989511458848 450.386477462319 0.275315904328012 28
"12" 180.464714428303 18.9337153462101 5.83193392944274 83.1573683439373 218.389263938651 0.240395502406526 29
"13" 123.788926209764 100 24.0246108770478 194.705867105288 102.982228493412 0.388463586320349 30
"14" 189.876863869112 19.5987748192526 1.99126274683001 135.089971552364 223.20771166511 0.338644216314449 32
"15" 132.649207419908 32.6036117913683 56.7571229374796 47.0022338778436 500 0.398522369154669 33
"16" 123.94048802834 100 13.9878307871526 322.83842986028 1 0.106216530486537 34
"17" 176.917311833151 33.0172103726257 11.8176836983315 258.016074939426 36.5565202267722 0.223120242524507 36
"18" 106.043694921634 100 29.1798262186379 334.016383925746 250.90974917441 0.598352020618982 37
"19" 216.809827654791 21.7388179831564 2.76046135598009 84.8644244022543 120.299751719718 0.147526899693384 39
"20" 80.8550369887349 72.8658368087002 13.5760421693472 61.431287868261 500 0.01 40
"21" 121.393624594194 51.7734962469196 10.5216339060464 500 257.718898803806 0.305084962581585 43
"22" 117.887432942635 51.6717004275162 11.2137901681558 26.4332346932366 500 0.504485592174208 44
"23" 153.89600979349 30.7737433029227 32.5762901503618 66.7014740347359 425.032922028942 0.321636400049845 47
"24" 164.358708618394 39.4005422197325 10.3353005176412 242.406789933374 178.247297790699 0.406550004459707 48
"25" 147.594403810172 100 19.509024444447 60.7399131478534 466.372661943168 0.212263533580455 51
"26" 120.16052626259 100 31.2038312831023 100.307344234271 350.283567002336 0.127112910410129 54
"27" 101.679487871076 100 58.6651159954637 126.216541766633 195.658259855761 0.545525648648054 55
"28" 191.78881880907 7.64077669090468 9.15003613624283 104.542377439135 155.41867284345 0.0508086490291886 56
"29" 117.747501717313 7.5450838735625 30.7605701199116 151.122159847033 500 0.199836982873443 58
"30" 178.763822903739 50.1810265342959 11.5103595540725 20.7908281664456 201.145890026139 0.234893966309466 60
"31" 135.902073021936 100 11.2103512183159 300.209757789132 130.26405738507 0.379183947308968 61
"32" 116.757900992918 51.6717469344041 3.73263576161137 500 500 0.438596591007984 62
"33" 114.693798989954 100 7.47900137812342 500 500 0.406779490428305 63
"34" 118.62759425689 100 5.52026774539775 237.151576122529 293.782251879056 0.116130247345463 64
"35" 133.184696025871 100 7.24890866484405 71.0674984298217 376.502337660744 0.308007520737089 65
"36" 115.420791785271 48.1621775623404 20.3400653687653 36.4357327955594 500 0.365890212678226 66
"37" 124.163906905878 97.5621186443895 15.4998666072366 87.9941291782656 38.0426139509908 0.192483601479301 67
"38" 116.495908730991 55.010422724496 34.1626770410181 500 64.6705985949392 0.457364711388281 68
"39" 113.085143672625 63.5604531699699 14.5944223053736 231.576557906708 500 0.209668397115108 70
"40" 111.75201038455 7.35618590002758 100 332.267003319166 258.572294512852 0.460396891348107 71
"41" 156.045626484333 100 19.7777702577827 148.310606104931 110.518942903059 0.218390201568442 73
"42" 113.979291989567 100 10.1463347098588 109.404224882119 369.83194553218 0.10380957783861 76
"43" 129.425013578311 100 10.0506695817551 168.97308341717 236.663413902353 0.425647409363596 79
"44" 69.4662374231097 96.4978172997246 33.1391007940537 161.80504627701 500 0.0181197280362394 80
"45" 108.661253854783 39.4651756947103 28.8200688049113 500 500 0.288066973610942 83
"46" 111.505387824904 52.6298864921575 34.897157769073 349.208395222165 500 0.271923774975667 86
"47" 149.332762563823 100 7.96645580189667 80.1389341171071 156.272825262822 0.40872815561095 87
"48" 109.182733017166 100 17.7894439205289 500 235.066530118323 0.285712813155413 88
"49" 81.5048748007599 100 50.2439964137838 114.803629710501 500 0.104998952784782 90
"50" 126.700239696341 100 5.58635885537779 196.226093847227 242.162102801967 0.147653362836447 91
"51" 116.615006055298 100 23.9693576200098 387.301668095415 106.680410611447 0.19594165696359 93
"52" 96.5588390432014 100 27.4965535503618 128.885072203318 500 0.100001927577237 95
"53" 133.729791115135 100 26.2811925619193 137.366015193349 269.265489385562 0.162045912683949 96
"54" 109.680905544403 46.7221619623861 42.3487012208624 500 500 0.415418450238131 97
"55" 124.437413002325 28.8266353079849 4.81736681069379 500 500 0.350000038651791 98
"56" 152.456906503224 72.4054067570784 23.5215969930798 254.494951161229 103.847996539161 0.0909716137521801 100
"57" 122.187486784198 100 29.6521036829398 237.099384896242 1 0.243538519677484 104
"58" 123.655727845575 100 12.0257147217468 304.410121113047 297.544056296021 0.355588847362772 107
"59" 122.891982826586 100 6.93829133820699 69.2816140359681 30.9840082026517 0.01 111
"60" 115.273077187577 100 15.4352844415717 262.080961157523 268.525661277332 0.23214126877182 114
"61" 42.3166994043394 100 11.9157614872164 497.252827485541 127.606632132828 0.0344899533482644 115
"62" 173.130559253128 27.3208811953366 13.5656870342566 77.4731726732641 266.488281488825 0.297503967039123 117
"63" 104.248810702553 100 45.2628881524686 384.796712456572 54.6177698180534 0.197311727767182 118
"64" 125.195521108613 100 2.88280149027269 287.781530530503 380.267445521943 0.241074858865807 120
"65" 175.235979031707 75.7171726265722 6.70757506310419 131.524033085321 279.828716826513 0.272644929246361 124
"66" 112.334983766845 100 25.9827812456141 99.7626384260017 117.551693491008 0.249671558930934 128
"67" 138.260498931487 100 2.67171971587544 224.328132056988 72.2762154103153 0.0996045607173388 130
"68" 65.9196946140166 100 100 1 99.6043727360549 0.0280189474607535 131
"69" 50.8991180736283 38.6355743129822 100 500 82.8403533415016 0.01 201
"70" 65.8591363724395 98.3642767084542 28.7736223983939 410.523512671147 500 0.0588266827752453 203
"71" 122.1740222827 100 2.07751442118411 344.246002708798 152.407362066405 0.140223011028127 207
"72" 134.005626061288 33.0662040763764 33.3811651624599 500 255.80778284159 0.287663121879101 210
"73" 110.276703894699 100 22.6732442700037 17.877612656243 161.771217520446 0.462404880838314 218
"74" 92.2373108190378 46.3309454929141 4.12718537305034 500 500 0.090909702811335 219
"75" 128.069283618779 100 24.1268672087237 36.7334850071191 327.467360463173 0.427919052362414 221
"76" 72.440848667021 51.7728706176677 58.8966836875185 500 500 0.0666691105164582 223
"77" 126.481244112312 100 10.7233605475406 316.249808262187 90.7693627340904 0.183306569071157 225
"78" 175.712886182789 46.676289838698 13.5964002650317 96.2595131456156 149.289457408855 0.283084381811153 226
"79" 129.148923246993 49.5389502046192 11.4277688211504 78.6904228248062 167.056787924206 0.574546161242106 229
"80" 113.461795389575 100 7.05112273974825 346.383391572925 500 0.456101865206066 232
"81" 101.00679946185 42.2019713168651 40.5854043991853 475.997124122434 500 0.285370725159086 236
"82" 103.514602737425 100 32.4564006144563 55.4149818671947 138.469902902769 0.142251191104825 237
"83" 94.9279685429125 100 36.9095761592114 214.191193043516 439.975607166346 0.152497517236124 238
"84" 134.208457413897 100 23.7712594073788 37.8077294189913 158.074474262152 0.401529577683491 243
"85" 113.250516276057 100 96.6768675733013 354.756662060871 430.991014450743 0.357773026187994 244
"86" 182.384968522415 4.39593678016816 12.1680263815909 195.193290438383 95.0945657307175 0.0499482399425175 245
"87" 160.620415433847 23.6204237614468 6.92915972869087 10.3987897802475 201.828573259563 0.184393992492507 247
"88" 168.334543680183 55.1296735137086 7.22402512165415 128.769982401307 100.159886224808 0.347749092900829 249
"89" 141.85603731605 100 23.1691001025275 207.331876003247 192.498853680154 0.234414878049446 250
"90" 136.490809353337 100 20.0458108200555 211.804273217952 164.209394591946 0.375015901567817 252
"91" 108.208165906254 36.6106311284662 43.4351621017632 500 102.431566549554 0.445530682998025 253
"92" 155.515989827569 100 2.58377781608067 43.8438429312608 47.5507591944651 0.0833951496130323 255
"93" 105.025377881236 100 9.97223218984115 60.351736336143 291.452558561857 0.0343089928632368 263
"94" 125.754127753651 72.7780397586993 26.2681962081677 500 18.3118238083952 0.508719836181884 269
"95" 121.20383744273 100 4.29819446451121 455.593197823928 8.1303765114068 0.163635273894308 271
"96" 125.464640317426 100 24.7182840854486 306.233679386683 136.68458198608 0.489693850304969 272
"97" 85.2541124707794 100 25.6047534019769 371.960401704528 261.524279098733 0.0499348824825316 274
"98" 77.1130112378328 100 17.2595713489101 118.979043846561 500 0.0187590249214944 285
"99" 153.101086230306 100 11.3743763009854 332.743381077891 82.8120350223782 0.406712181804686 287
"100" 83.4780139465135 14.718978068751 33.6327038879558 500 500 0.0671057066585373 288
"101" 120.174990127386 35.7608405223579 9.3585563899561 111.311735176753 500 0.346678581997511 291
"102" 142.277549553711 100 6.48478003852661 24.4746454103225 115.636001373726 0.185066963632175 292
"103" 142.31095252349 43.9291109837109 8.53364777519808 116.532926994124 144.265227304844 0.205381191128012 297
"104" 197.107987719463 16.4461291805196 3.09620804321615 120.568353073422 80.2076336116756 0.106708500226227 307
"105" 104.923963656019 100 6.51331821969881 308.423370847371 181.583765876169 0.0499965846879727 308
"106" 112.845740978405 100 24.4432320684426 224.389090117002 166.433201653185 0.203643054008593 315
"107" 165.242684558788 22.8493097515052 6.62933725710509 149.795239808642 83.8495125112141 0.257800190303566 320
"108" 148.457524681604 100 8.51157508683859 226.799643096056 126.943970147244 0.331953724972471 322
"109" 102.903012477847 100 10.3674548642508 133.764150283435 500 0.0847485725028532 323
"110" 186.539481933537 24.0454786804995 9.34431737389716 128.011510153203 28.0399298623033 0.264186021382308 324
"111" 119.377653857805 65.5449677547338 74.3465984077304 500 306.946453299864 0.264526357853902 329
"112" 113.823678461441 78.7730294757191 5.34107125379689 48.089772625862 500 0.584459212097957 331
"113" 117.710759027491 57.3945220376457 86.6695377796938 57.5488382123855 335.638164377102 0.283501671340907 332
"114" 249.834697693313 3.16852321675778 1.02348956587872 109.717547262278 1 0.102541966064623 333
"115" 207.663095341535 25.3619436638369 3.24023323944252 52.4421523230426 137.755570461127 0.151318674486019 335
"116" 139.382407123922 100 13.2696703056693 167.198359437769 146.532782280734 0.250924364970679 336
"117" 156.718310045134 91.53059736308 16.8713627068464 147.516391299443 146.38989035818 0.293425696955565 338
"118" 192.917255739245 23.5020142405126 3.23101567786446 152.100419119841 126.920947236783 0.192641239311374 339
"119" 81.3829503118355 100 38.2210519694082 119.113125559526 500 0.0869725828513354 340
"120" 125.993302060504 15.0776031380851 30.1679372553907 365.098138123964 500 0.104422016903449 341
"121" 106.672113865347 100 19.1393765996279 261.241729116551 500 0.184138444473233 342
"122" 75.9287213901106 100 43.0324492254053 219.680846745639 316.309816065918 0.0514508346360858 343
"123" 185.358111476398 34.0737440345536 7.41460859595814 76.0411072712894 159.328184062898 0.232259677060197 344
"124" 145.476117467507 100 13.4551252179868 200.198157440715 66.8178132811137 0.397459925960257 345
"125" 89.4457049019609 100 36.5287826302157 349.29017086728 500 0.15320185972202 346
"126" 116.176900507902 100 8.863471508666 255.185392622368 323.34902595316 0.272135077952857 353
"127" 202.596548401524 12.6249299252782 1.34313779236034 272.13440305449 1 0.0677988643231053 355
"128" 61.0419366461757 100 93.3988344154937 500 500 0.0689652940343725 358
"129" 126.561275130487 100 8.1849230803939 56.3678072452396 317.429265698194 0.433460012795348 360
"130" 117.801478444582 100 18.9380253856084 150.251852779679 206.148623484444 0.166382938189835 363
"131" 168.021148864017 26.7400635833533 0.976795702277659 43.5940109738199 50.3104399959037 0.291530088960606 364
"132" 155.900556751524 31.6434510996363 24.1849488595359 81.0623809054656 263.246813849566 0.192069776034117 366
