"V1" "V2" "V3" "V4" "V5" "V6" "V7"
"1" 50.2945188545023 100 35.8682706697414 839.763630987904 845.441013805788 860.260398562981 3
"2" 60.6836599442558 55.6032656991073 14.7123127124705 1000 1000 1000 6
"3" 49.5007255244282 100 74.6642123563345 339.665824806904 358.589570147527 351.608170185935 8
"4" 100.804523539401 100 8.25049144396222 225.850539124234 225.110187194862 224.96991355968 9
"5" 109.796020270019 100 7.12568698369622 103.25080621493 100.55700943037 104.926918749763 13
"6" 56.9936938724879 100 96.372582931813 256.82587045673 250.903893040676 254.545600030251 14
"7" 103.657709703219 100 1.16444379148805 344.207922511709 331.718495084866 339.423876485552 16
"8" 80.2484607361875 100 21.3057948665537 130.879787439773 130.393434380817 129.121769305852 17
"9" 76.5737562469002 100 10.5251355261562 492.528819849663 504.632412839317 499.343740028302 23
"10" 83.2515130124043 100 26.8761265260857 163.370145236545 153.93910826878 156.761836422593 27
"11" 83.5544287543618 100 58.9702542903761 53.7049313952219 58.1895345111124 56.4063360426928 28
"12" 49.9903111964772 71.0566394790619 19.9065789638045 1000 1000 1000 29
"13" 76.1485131956284 100 33.6039641351857 136.663696364728 149.131883884028 132.79383854522 30
"14" 122.559468594709 100 2.38742995873043 168.358555544955 163.568241555181 167.859687231037 32
"15" 64.5589000245554 100 30.1900773224136 408.555693793371 423.98809750673 422.933165834024 33
"16" 101.649059843693 100 4.51075665691954 227.89264163699 225.908201638893 231.359729005448 34
"17" 42.9108086441861 100 35.0201638568416 1000 1000 1000 36
"18" 80.2210676447105 100 30.4181751093293 159.032421483618 158.284810525572 163.534349450181 37
"19" 87.2152160414558 100 4.3560405354718 493.702536266795 499.604780699593 510.489847151597 39
"20" 53.080399072308 100 42.0320560557035 647.316351349461 660.192997323196 649.030166728753 40
"21" 94.2646738455036 100 10.8615350263997 274.395028965595 262.437247542802 260.693477952677 43
"22" 64.7668825702682 100 13.4566777446742 633.159411374495 625.646074384378 640.574714084136 44
"23" 80.8822869977123 100 7.56121631969601 502.463939661093 503.956330081108 505.393181412262 47
"24" 64.278985410121 20.9178929044336 9.03481311014923 1000 1000 1000 48
"25" 78.7911449645817 100 10.6786699431774 508.36986349963 497.999206852819 493.883303730557 51
"26" 75.3724151034132 100 16.7723729885903 286.930442590472 273.262788080287 284.71153017092 54
"27" 87.9239331611433 100 10.5588196792003 276.802192893045 279.192450614087 272.736507680037 55
"28" 78.7890181887365 100 24.1930045025574 218.604343146316 213.473836604425 212.272567586711 56
"29" 99.0700604122195 100 9.87163558910658 190.543460631107 192.530643323325 195.142694179242 58
"30" 100.348740427029 100 12.2471674653563 169.159297244939 167.057540450794 162.174748735475 60
"31" 86.4907952877834 100 23.1142397553856 107.78401725571 103.246656430062 107.847149316605 61
"32" 86.1084510547114 100 1.64372776140122 499.547089196241 511.511651999886 506.020906640307 62
"33" 63.346086835319 100 4.7778669096643 941.356346812268 974.385981998363 930.350160686047 63
"34" 96.461460841628 100 21.3911329136474 97.0506645388493 97.7681593398132 102.889079810397 64
"35" 98.179697397724 100 13.0036126065381 123.674356933884 126.315147045391 119.392418125296 65
"36" 97.0824979344992 100 4.81764752583947 334.342609946807 334.672091265774 350.992318028053 66
"37" 62.7540705015166 100 27.8370395603076 209.076374549198 207.208169516003 213.532308972429 67
"38" 105.657020002726 100 17.2763243269344 69.8031843183676 74.645915338261 70.3262355171925 68
"39" 63.4980768297546 100 19.7587543927527 558.74312381272 579.984348459129 577.833415974235 70
"40" 75.4644223892618 100 18.5359503716399 220.906739965584 214.549452104807 213.97534932668 71
"41" 51.8309306061535 54.3711027561456 24.3407886689974 1000 1000 1000 73
"42" 81.2573087172102 100 23.1299361357256 200.777055072109 203.004219012835 196.782503094815 76
"43" 57.0782095871845 100 98.8036144802027 205.283306222397 201.518014872892 199.28736476395 79
"44" 46.0895737819872 76.2685455387403 37.2910356799088 1000 1000 1000 80
"45" 72.562076812957 100 22.56210268045 365.945352437473 365.857529398402 377.158192342049 83
"46" 85.9154054862984 100 8.94307364449643 365.903936729222 359.325823789071 363.403241010985 86
"47" 83.9759693372583 100 16.205342113706 266.010014410085 254.806169092118 252.127688304705 87
"48" 52.0487838887751 100 41.8330768620175 640.522809551262 626.772785399065 641.505729450116 88
"49" 110.673283155783 100 8.50360571490211 101.185702755353 107.787287513973 103.120005963674 90
"50" 116.45447653978 100 0.803549920399538 221.345602340772 222.031704950072 217.848476117045 91
"51" 79.2951711632204 100 9.5529128050307 283.45972761766 276.023756557384 289.770707607927 93
"52" 45.564107488525 100 34.6809244169832 1000 1000 1000 95
"53" 60.5532884537236 100 27.2121235012431 589.65153691367 576.32428620848 577.268909305964 96
"54" 79.5623666072615 100 15.929913862148 358.091414622469 361.890127234026 346.797121519107 97
"55" 81.6927050869249 100 18.7660770692191 297.006741506956 297.028015324728 298.854631740949 98
"56" 83.7191888833171 100 12.7074153155093 350.317692971754 358.301669514884 354.750214876518 100
"57" 71.171957667451 100 67.7478727387628 87.6106987536768 87.9294915058019 90.7608943478477 104
"58" 77.982441712967 100 24.7461466929587 224.932636895874 226.630042513771 222.85516582386 107
"59" 53.7407531549189 95.0499976877347 10.8076709380308 1000 1000 1000 111
"60" 94.718464772848 100 18.0808006839653 79.1723062607241 75.1872657117049 74.0167928022736 114
"61" 42.2209913071426 100 15.5319285159315 183.317122673369 187.77550389086 183.474858229862 115
"62" 93.3545985596354 100 9.46815815917925 294.35831249556 300.614623171177 298.679435788515 117
"63" 48.5281116127929 79.9009539537942 27.3580333842628 1000 1000 1000 118
"64" 65.8154921506698 59.9603539189045 3.98300188828226 1000 1000 1000 120
"65" 92.6618997030447 100 12.9685032117138 215.889354974936 217.537469033366 215.520858830026 124
"66" 79.7380354637077 100 3.60329370531513 509.916868955809 505.787577266191 501.580324655554 128
"67" 85.7356371217443 100 3.01950119311287 586.29424077768 580.27461691461 590.004347929207 130
"68" 41.3280325902709 100 47.2298556726654 1000 1000 1000 131
"69" 67.2506045056408 100 10.3433831069336 430.328871402696 431.186496053424 408.218503185424 201
"70" 73.0250315637218 100 19.9144969113193 87.9594927068229 96.5487759617908 90.9590803659051 203
"71" 53.6659973750429 100 42.2019271207286 574.567325267777 575.427818971031 581.978850909001 207
"72" 97.9591052868354 100 1.09232289636587 398.040886492675 393.926602043189 393.511312732955 210
"73" 68.8645762542664 100 9.73485297583991 678.600170893095 656.103167494009 647.23844583044 218
"74" 78.3296776781859 100 9.91747316620843 359.154099619173 355.851280782194 355.6207958894 219
"75" 59.0300893885215 100 25.0650969993531 582.450855106733 583.873390660268 592.278462920197 221
"76" 113.684466042188 100 5.83988442383839 151.150794847257 156.048063685317 159.888895976972 223
"77" 81.3345270031024 100 5.44326442846552 586.710723859599 590.471441807022 596.358039387049 225
"78" 79.9365501869377 100 12.7936792387616 399.615174447823 390.661496189855 396.316643800834 226
"79" 105.673650138844 100 3.80094736953129 196.439763144955 193.887487200404 190.275365759617 229
"80" 77.9232231390889 100 56.2377761740313 60.170839597778 52.4745817605201 56.5669888826688 232
"81" 78.2869679505895 100 7.09274584600271 493.635617825575 510.370837437512 495.05880840434 236
"82" 40.873284184277 50.535717832374 71.2161502191205 1000 1000 1000 237
"83" 70.8842257568904 100 52.500266569319 141.690043539541 145.550894744591 145.843782226083 238
"84" 108.392735313671 100 2.37115149668445 294.384223963763 287.113667626193 286.898123302101 243
"85" 86.8594530349033 100 2.62083549752131 453.129401957872 467.81112890767 458.320982239215 244
"86" 90.809727620248 100 14.5439651907056 215.310021895667 215.690360082658 213.622520508968 245
"87" 48.3281658095297 100 20.9354713532013 789.622572106401 771.185804005635 756.580177176861 247
"88" 80.3938447776773 100 41.3527744288244 65.3974901290505 76.0892149537521 58.5266503632886 249
"89" 94.2765668307465 100 12.4185456073442 256.537124490463 255.585710523113 275.316503830844 250
"90" 50.3886833833145 51.4910729256695 28.0033979690363 1000 1000 1000 252
"91" 42.0617386796106 100 66.679886421602 661.322813060289 645.514887446044 656.454504208215 253
"92" 130.089668322979 100 1.51039163480923 151.95409084888 146.084537947659 149.932878035899 255
"93" 76.9718332481878 100 32.6779597337931 161.684900002885 158.374921181309 152.546881145585 263
"94" 78.8641721064116 100 58.2302919481476 55.4459746875768 51.8173188298714 56.9844710171184 269
"95" 91.9880102934129 100 10.2628319708917 207.168759206466 204.410231158301 204.926162725371 271
"96" 50.5257692200935 66.5998557038188 26.9394471003588 1000 1000 1000 272
"97" 102.239199557367 100 1.81946211850448 360.823718552246 376.216086922527 365.405135489259 274
"98" 87.1025201011833 100 6.19040019439966 395.945525431537 402.353440666579 399.892805299447 285
"99" 72.6597117521683 100 32.2032748014376 261.074797764308 261.794713010696 265.666803116063 287
"100" 99.8662644188472 100 16.4358191524693 96.4898130122769 92.988700364226 99.9076377544437 288
"101" 59.1617831705976 100 17.054044188653 614.278826820265 630.733962073336 627.942830966574 291
"102" 41.7823858545189 96.0075192988897 42.3410135893079 1000 1000 1000 292
"103" 67.3047636985463 100 12.587299080719 280.118097661637 257.876020018197 271.671667933295 297
"104" 79.6493648477921 100 13.6510479941695 220.169221418173 212.406888815631 209.347394225047 307
"105" 74.6284143077699 100 15.2846272574755 508.829255086177 497.669121661329 513.396901039982 308
"106" 78.5637880578551 100 26.6545007459932 163.680936290014 165.547834116131 170.861271876133 315
"107" 90.0418559491018 100 5.72191129065908 222.951491766859 219.299638959373 218.503484474163 320
"108" 53.7070050336317 80.3322320375953 21.0231072501383 1000 1000 1000 322
"109" 61.4641164055171 100 27.8277808788614 590.448162924769 569.546600659831 569.424475259131 323
"110" 40.654426505927 100 41.9451272806136 1000 1000 1000 324
"111" 66.8127983543285 100 16.9965124079026 531.134371027179 504.593077799946 509.978092183903 329
"112" 74.260699119028 100 9.66065677875348 505.304809308139 508.63181630176 486.870086511977 331
"113" 88.3471233099304 100 7.83486794111901 228.657859058662 241.291051999943 231.707010792861 332
"114" 56.6684120016618 100 24.9083694147943 728.57881613359 725.966934797908 730.322876680528 333
"115" 83.4384181064517 100 28.296495324833 137.487314210578 139.541486839077 130.649808163685 335
"116" 45.3681625461548 100 40.5740286321339 809.476268014393 815.110341599761 826.526978771577 336
"117" 128.971057712387 100 2.08280051320492 158.277838083335 151.523501813187 159.582244556711 338
"118" 74.3863949633629 100 19.3894239540188 339.620786754229 348.045517758561 338.517733555053 339
"119" 81.5267544612717 100 12.7818488708008 281.118284505263 282.118150971674 275.739330744422 340
"120" 63.0325173346706 77.8133774767572 5.24316034869558 1000 1000 1000 341
"121" 99.2368207619345 100 9.12902920298893 215.433821721449 210.598038618182 221.466840441515 342
"122" 83.2588141772528 100 9.98161054265871 365.5668381113 365.103591009981 363.644563657131 343
"123" 51.2783607724104 100 100 251.747587135517 253.87889372622 254.272045837583 344
"124" 87.4650429697023 100 13.619797067439 264.870890491229 256.242751734963 268.030221590391 345
"125" 55.6958494552727 100 17.3120623568593 813.586330794565 839.030230910682 802.126310137553 346
"126" 69.6268285819235 100 18.8743373085262 399.427123197716 405.895555751477 401.715873871551 353
"127" 77.0895090599284 100 26.7559363530588 239.378966801359 238.011854150702 248.884862027184 355
"128" 47.6894297523812 100 100 323.570666869441 331.11122840139 329.821610293901 358
"129" 81.7563929475845 100 22.0967906148441 195.487606869776 204.485379576399 198.6153666112 360
"130" 81.2698160580338 100 1.37691461621389 419.118674349342 405.361321463714 428.396973448671 363
"131" 69.8271831577962 100 7.76708507947802 346.997835307501 358.768273000907 358.589013810295 364
"132" 49.6804499394707 31.3826034280002 23.4004439634594 1000 1000 1000 366
