"V1" "V2" "V3" "V4" "V5" "V6"
"1" 87.9643463883267 100 20.8572479633626 97.841018104327 1 3
"2" 84.332590521889 100 18.6369429292107 83.1522371657862 1 6
"3" 86.0741872796238 100 13.939802529991 115.174506748752 1 8
"4" 107.045210061081 100 12.4026093709776 99.2031889862487 1 9
"5" 137.072499622618 100 1.78441557053024 92.3698038491641 3.26404204568104 13
"6" 96.7904463418274 100 20.1490486233584 94.1464280750675 1.18172045844428 14
"7" 76.7351621703067 100 59.3848096006305 69.5492364189292 1 16
"8" 118.344613389706 100 1.74905594199238 133.929749206729 1 17
"9" 109.560768035667 100 5.96576036268176 172.342610486332 1 23
"10" 106.342709974659 100 9.26713576765965 139.819253465826 1.71357390696456 27
"11" 58.8635525914006 47.9568900036116 100 441.154505240318 3.28267572945832 28
"12" 55.8709162488388 100 64.5614194124985 248.211550230874 1 29
"13" 69.0387591877061 100 59.6172580122535 91.7202622526559 1 30
"14" 69.7014199373816 100 39.5691940061314 212.777047362209 1.09986680171662 32
"15" 101.594169848777 100 6.83077084607124 200.029763634184 1.36454180552079 33
"16" 44.7910581655049 100 77.9557099361926 444.684416807722 3.57685865309508 34
"17" 64.4410112040021 100 53.4364943905012 192.522965159604 1.36665241011461 36
"18" 122.742140637382 100 5.63614082803757 101.992528979308 1 37
"19" 100.695390707057 100 15.8283405925242 99.5632381268287 1 39
"20" 104.114141566078 100 11.8636291295984 120.216787657439 1 40
"21" 121.790769580658 100 4.16849862044951 141.861815654043 1 43
"22" 73.2519054012702 100 28.6585545501243 193.548309831444 7.75287205320866 44
"23" 84.8015994616604 100 11.4087996981719 360.314978633522 1 47
"24" 98.3045742152631 100 12.9360546716044 146.079034350888 1 48
"25" 131.159414464488 100 3.30946233713895 109.178298451936 1 51
"26" 64.20671607329 100 50.4308866163298 208.485214178519 1 54
"27" 90.6303020623448 100 15.4066061501419 132.965173707828 1 55
"28" 96.4106125424057 100 9.78452506475726 216.298533087848 1 56
"29" 124.013090588951 100 4.3579506975235 118.62025476968 1 58
"30" 66.5313411535142 100 82.7064467622798 140.362704920346 1 60
"31" 81.7323873173606 100 33.4203415079774 89.9681600361823 1 61
"32" 61.9187861288704 100 77.9034501728832 137.752821996177 3.24896185065845 62
"33" 63.1790697970265 100 79.1016487539678 138.160582337321 5.90007576095504 63
"34" 121.945868305605 100 5.71324487043146 118.870810787762 1 64
"35" 121.182110623435 100 4.72222813666431 101.910051609464 1.62730550482974 65
"36" 61.1202397075124 100 74.9251166394606 202.543583875646 1 66
"37" 51.9826384316646 100 62.3850907202786 145.965188956055 1 67
"38" 117.527943579689 100 2.94879433645531 206.118895332766 1 68
"39" 80.022754557444 100 39.8488055729863 84.9123590880727 5.92131191783991 70
"40" 56.2797225522866 100 63.2901143029469 246.450941851821 1 71
"41" 90.8164987283915 100 20.9195643077385 94.4607578086996 1 73
"42" 91.3405626458264 100 21.8450741365683 95.4498361280982 1 76
"43" 118.104617080067 100 6.73358342877624 103.160483248723 1 79
"44" 140.839550977815 100 1.61006914030738 104.148801978896 1 80
"45" 79.6270454503624 100 29.7456628690627 148.635732967218 1.1053886355113 83
"46" 87.5219781520975 100 23.800146236958 113.01187678837 1 86
"47" 102.790748909179 100 14.1306987030499 84.6326656922821 1 87
"48" 88.4192172795286 100 22.743252737471 102.948489017769 3.45467891615122 88
"49" 85.2444609509684 100 35.591311250839 92.6620501477103 2.64820320879381 90
"50" 113.040849763687 100 4.87097208481367 167.122512377723 1 91
"51" 87.2567841452748 100 13.6882792971778 97.835540433904 1 93
"52" 69.0883724916731 100 54.0073880380524 183.090914155066 1 95
"53" 72.7385309688712 100 64.0259083130147 89.8740485320332 1 96
"54" 104.184536445035 100 11.3987677216134 122.042338733548 1.44858578442335 97
"55" 84.3137392268247 100 23.8657342983946 186.414554121765 1 98
"56" 70.5418174539807 100 65.2744653654612 89.0243558922761 3.41527615977431 100
"57" 74.8377681707237 100 65.6096389771925 75.0851397932358 1 104
"58" 109.203547571736 100 10.6797850267227 85.6294705596023 1 107
"59" 96.3890059991941 100 11.0741102852654 185.8447886429 1 111
"60" 73.153556855139 100 38.7080127762605 149.878799140089 4.96923513535785 114
"61" 63.4335718831475 100 3.48695343381231 57.7381839238651 8.17984209304611 115
"62" 136.58770911467 100 2.48534565889074 105.389713518891 1 117
"63" 76.3645460313444 100 61.8610063516571 71.9624313998189 1 118
"64" 120.031049307426 100 2.9125162520671 123.296436434422 1 120
"65" 94.4501761079659 100 16.7000321116616 136.646302458604 1.13179246471047 124
"66" 70.240211652081 100 65.9747798256614 87.2944667915985 1 128
"67" 62.7028278667574 100 50.0213265573415 273.550618252321 1 130
"68" 100.897123466283 100 13.5701141157299 107.343133213292 4.00956424949489 131
"69" 57.4322557140103 100 49.7293823050904 189.333392684221 1 201
"70" 62.1063491390275 100 54.2462827239363 58.1570731858793 3.76920952142387 203
"71" 100.73404314548 100 12.7007825509217 97.6366227257481 1 207
"72" 90.6004250064098 100 23.5345129314442 117.033092395116 1 210
"73" 74.9409557015708 100 31.7202431708923 129.945011136565 1.35043790071342 218
"74" 86.4571550861978 100 18.4055158367758 82.2644261676361 1 219
"75" 77.4498409551286 100 31.0936346617865 143.578609760561 1 221
"76" 62.8555718531012 100 83.0013402645686 158.35021136088 1 223
"77" 67.5982592533638 100 41.6813563881831 256.373398743248 3.06547719010713 225
"78" 87.4763989190085 100 12.4388191150395 268.145442853258 3.15042229571079 226
"79" 78.021172059622 100 26.2728898792404 126.828002378316 1 229
"80" 83.5567784804806 100 17.555566097472 204.515422548622 1 232
"81" 66.9989876309239 100 38.5024890037149 212.833623826193 1 236
"82" 96.7197548570077 100 13.6123460512214 97.72714886757 1 237
"83" 51.9386643533402 78.9244476344003 100 404.836452946455 12.5194214395782 238
"84" 102.965296859081 100 14.8737662463726 101.158472030094 1 243
"85" 96.4481293782374 100 12.9480816553021 148.162240733205 1.79344191453939 244
"86" 81.6595888231671 100 28.6192168973561 140.975534738151 1 245
"87" 96.956102260789 100 5.19251934849361 90.9672545957365 1 247
"88" 73.1732139908178 100 64.8163223936446 66.6208247139893 1 249
"89" 77.923562758022 100 37.4592346834114 189.187897494814 6.808062183454 250
"90" 120.646866056679 100 6.04665005626204 80.7084953473689 1 252
"91" 85.7633192095923 100 22.0804050263166 96.1908352541543 1 253
"92" 73.7374327675703 100 64.5098668743378 89.207576606942 1 255
"93" 45.2488587871053 100 100 500 34.5767378634029 263
"94" 84.249184879759 100 23.1540554568227 137.471057959191 1 269
"95" 91.0926579687075 100 15.6364596636879 123.48883693261 2.19936914068394 271
"96" 74.2256550863575 100 68.8193558444515 93.6945090995061 1.29243943719608 272
"97" 122.152404962042 100 6.42628859027168 99.308880280996 1 274
"98" 117.611181176777 100 7.15405123696604 90.5871563630383 1 285
"99" 72.7612502420459 100 63.5225835947437 89.0934082124514 1.71884607881265 287
"100" 95.1017698580371 100 15.8837266915788 137.492720978692 1.04716004939684 288
"101" 85.8937738332453 100 14.5964092600181 104.863237165886 1 291
"102" 48.665614943899 100 100 450.600786167582 1 292
"103" 70.9270762810255 100 13.4995654763289 187.434493885954 1 297
"104" 116.145898605192 100 2.35851135937699 138.450985612137 1 307
"105" 77.7165183348696 100 28.9282282190062 225.429485372993 1 308
"106" 88.0855288942595 100 21.4847386124898 96.111314451045 1 315
"107" 58.382279440212 100 45.4924801835679 277.965506557169 1 320
"108" 105.710959023434 100 12.6370249501265 99.2498294491202 1.63862558277575 322
"109" 71.6262816112606 100 69.2100745449274 93.5689073090031 3.48483988335078 323
"110" 84.2488972572154 100 20.3785159236288 92.9631328409672 1 324
"111" 61.7581162646647 100 47.0424627217359 257.278082530197 1 329
"112" 68.8796778900019 100 59.7005226199228 88.0438768203198 1 331
"113" 66.7226615083939 100 59.0285574659497 162.56640010086 4.62144589284899 332
"114" 108.444332353028 100 8.22235718226176 92.6011313787758 1 333
"115" 94.2703210271353 100 16.6002694975972 136.796136772425 1 335
"116" 72.5799793218124 100 63.8148449120854 69.7290996682185 1 336
"117" 100.639178715869 100 18.0983690874592 74.7264424776466 1 338
"118" 80.2090275456927 100 37.7993899076478 93.6441739360257 1 339
"119" 73.649268641729 100 27.8201334476994 201.099904986146 1 340
"120" 59.8641240913268 100 70.4076080587886 203.416331571532 1 341
"121" 92.886085569111 100 21.5888318798757 96.8458315655281 1 342
"122" 57.6852148566096 100 97.3331918445195 189.285016354705 3.28228107210048 343
"123" 108.391233151032 100 8.34858493414645 112.436793286611 2.83200540682337 344
"124" 106.140971654189 100 11.0622762270028 96.5778156131203 1 345
"125" 87.3735815588823 100 10.1596072122192 259.669365751045 5.98993768130797 346
"126" 96.6308584406842 100 10.678759593744 135.580007128006 1.27828409894986 353
"127" 68.406959198572 100 70.3136865101925 113.58159219708 1 355
"128" 105.588374868587 100 11.3372627433778 88.3682610348519 1 358
"129" 91.8407618627552 100 27.7078045279082 78.4949392701404 1 360
"130" 73.7656961930484 100 44.5002834199835 79.2558535323531 1.28706712186035 363
"131" 96.0554774346076 100 5.20555634941922 108.544991046039 1 364
"132" 111.037283251235 100 7.75682874136146 78.2067483274755 1 366
