"V1" "V2" "V3" "V4" "V5" "V6" "V7" "V8"
"1" 94.0795256285268 100 23.3578605785181 270.402101268929 260.47569120712 0.01 0.01 3
"2" 71.6774015807932 100 11.0852802665383 500 211.262560598129 0.01 0.01 6
"3" 60.7512306878679 100 17.9305063480893 216.021319826655 405.07610289113 0.01 0.01 8
"4" 206.787422085404 16.7010121780887 6.83195946102332 32.0714241704395 74.6080184810317 0.01 0.01 9
"5" 98.9134002067277 100 7.61446266948497 159.211375860435 210.318449751643 0.01 0.01 13
"6" 104.687364487109 100 44.4757128924459 305.761568342037 1 0.01 0.01 14
"7" 60.1270290870833 100 42.3884286295101 443.947317269957 307.780866636028 0.01 0.01 16
"8" 146.184745925397 58.2711602261958 4.78137545468019 247.140503374058 113.076312025697 0.01 0.01 17
"9" 194.77854371204 4.81684417746841 9.71856782072096 63.4290933093246 91.2756167540109 0.01 0.01 23
"10" 79.7568831818106 100 31.9740653315986 335.565123467011 160.087937667987 0.01 0.01 27
"11" 153.148784634076 54.7285972293104 18.1345623786037 69.4490529007454 178.337304717192 0.01 0.01 28
"12" 89.3088315665983 51.1822234698131 7.88737295961837 39.7202043790186 500 0.01 0.01 29
"13" 96.4859786663007 100 3.80913164076387 322.92451467299 279.502309361728 0.01 0.01 30
"14" 137.155571507459 79.827703449519 23.8466668549368 40.3204725050308 257.962709254419 0.01 0.01 32
"15" 172.907425287152 28.5526128275601 13.2214338810315 143.599861821449 1 0.01 0.01 33
"16" 98.0051796353164 51.5801436838597 9.93349419990076 208.740289041047 500 0.01 0.01 34
"17" 208.347539991699 25.5575819673586 4.17490172927735 36.0871514288831 28.4336203393178 0.01 0.01 36
"18" 171.114088509396 57.2751695103951 9.22605402444517 55.9290914468816 117.922912790412 0.01 0.01 37
"19" 101.406454500172 100 23.9607004792511 119.508514076929 262.442858300222 0.01 0.01 39
"20" 87.5943038286527 100 5.52749145597336 439.491555589512 409.424859041408 0.01 0.01 40
"21" 131.685072466172 54.2143636334541 27.9998829953299 295.33843302464 144.234629094981 0.01 0.01 43
"22" 80.0130821104847 66.314396139863 15.2289463564424 33.9316586706303 500 0.01 0.01 44
"23" 113.215283264076 67.7232580909621 19.7249059350617 500 57.4568733043647 0.01 0.01 47
"24" 76.5319272421749 41.8669164386765 25.9216860444217 78.2495224045271 500 0.01 0.01 48
"25" 138.89683492637 100 18.4931153824118 195.366965835417 52.3140178894863 0.01 0.01 51
"26" 93.3615683480527 100 28.2024142772019 197.564797009874 177.92291430716 0.01 0.01 54
"27" 67.2173691398907 89.3969774184592 60.5440781853126 500 159.800340630239 0.01 0.01 55
"28" 230.467664230314 15.3466820902957 2.98603269247667 23.7131902002567 31.5879837144888 0.01 0.251248989163228 56
"29" 150.881674354038 59.6715044277083 19.0346995030463 97.7564647692489 100.315870124228 0.01 0.01 58
"30" 222.296109407974 34.6951248873191 2.17575631250037 67.7806676469387 1 0.01 0.01 60
"31" 56.7231201497436 14.9424310754433 39.3856217458336 500 500 0.01 0.01 61
"32" 70.7635986531669 19.1095804682714 66.1200994876831 500 500 0.01 0.01 62
"33" 58.7455428880441 32.024441712916 43.2975020320253 369.17486334431 500 0.01 0.01 63
"34" 93.0763942796995 33.7528506036571 10.895734141674 500 208.98555028853 0.01 0.01 64
"35" 102.039560083277 44.8186422984441 54.9539448100874 500 500 0.01 0.01 65
"36" 146.586092753624 64.9132096588464 14.6467621959719 130.120474652194 181.097351397974 0.01 0.01 66
"37" 170.213956861578 12.2632110654358 5.27655935681718 42.2209839253837 5.9024383740061 0.01 0.120374302499331 67
"38" 68.6580656476918 100 28.9750084029294 1 500 0.01 0.01 68
"39" 179.63717530703 36.9244100064918 2.37131363154067 39.7139112864313 254.682890463939 0.01 0.01 70
"40" 77.4844161179611 100 3.08647194508229 455.775049140867 167.090546660556 0.01 0.01 71
"41" 97.4509073225145 100 40.0393316153178 270.644956372433 196.461949467427 0.01 0.01 73
"42" 100.694570250405 49.2527801111578 47.5529353428236 500 308.157690129665 0.01 0.01 76
"43" 101.682905392393 100 10.8550884590852 193.522395275577 186.274835528351 0.01 0.01 79
"44" 71.5792728115395 58.191151529717 24.3746344738842 85.4491268226117 500 0.01 0.01 80
"45" 66.9233789118216 69.9534678398935 66.3789379522571 500 186.35522279789 0.01 0.01 83
"46" 261.367994675485 7.31759397509126 1.22002321394768 30.2510447226253 13.3842083767209 0.01 0.01 86
"47" 211.985896762896 9.19728489929694 5.1913945059712 57.6814546287556 52.4077019855173 0.01 0.01 87
"48" 76.0973743384907 100 20.6613946615575 241.13563539276 315.26980315516 0.01 0.01 88
"49" 40.7076685411066 74.2942055961728 93.8104001009787 500 500 0.01 0.01 90
"50" 53.2031472897947 47.8383126274634 50.8664216457914 500 500 0.01 0.01 91
"51" 150.918003851424 27.9434242378327 9.34481255626162 192.55915465503 1 0.01 0.01 93
"52" 124.862350362715 52.8776835944078 14.8196681564842 500 193.836370262556 0.01 0.01 95
"53" 72.0474595672308 100 38.6381237468224 152.009468196762 500 0.01 0.01 96
"54" 141.55373120286 79.1202793451067 17.5380556324575 150.66070398968 188.461914259861 0.01 0.01 97
"55" 166.092793977642 57.4017356455149 13.178227553543 65.6142213562875 77.4281774352366 0.01 0.01 98
"56" 92.8912601360915 100 15.4999568668538 277.212048192447 307.929008710781 0.01 0.01 100
"57" 151.107227201263 53.9130323422343 12.8194662410658 24.8330651206399 213.769638319688 0.01 0.01 104
"58" 80.1517449055947 100 17.1437272646636 248.048168651444 157.924666916551 0.01 0.01 107
"59" 128.963474568826 15.784184449612 23.0540050908806 342.551239273775 278.521791769104 0.01 0.01 111
"60" 101.881672751096 100 37.9127650457722 363.854369413806 238.464620804167 0.01 0.01 114
"61" 70.3650374457191 61.8442681896501 22.6178188377562 140.483589075835 168.236388176624 0.01 0.01 115
"62" 178.56402194788 33.3721410337367 5.36876658194223 174.205024421211 77.281600137322 0.01 0.01 117
"63" 167.180503783368 67.8264790935863 8.73963249653626 149.07676388058 1 0.01 0.01 118
"64" 83.9168469012252 28.8033300510491 28.0132771286197 500 370.91540067892 0.01 0.01 120
"65" 176.423504895988 92.1587096355651 2.03836908590122 105.571924645389 144.098995246805 0.01 0.01 124
"66" 113.751215471953 60.7699908375608 24.5718354404819 69.7373960944051 500 0.01 0.01 128
"67" 71.1205773964796 55.9142973356779 23.0164391729815 205.879385504212 500 0.01 0.01 130
"68" 157.686710715259 100 6.8246372024428 225.502831215615 1 0.01 0.01 131
"69" 45.2318075803166 62.9803637435093 100 500 40.1587143637189 0.01 0.01 201
"70" 192.553172095092 17.6976268617266 1.0492653158003 61.6734155028724 61.825682207002 0.01 0.01 203
"71" 75.7629376903746 100 22.0457137959686 9.42974131336495 483.222466869267 0.01 0.01 207
"72" 85.2930845650447 100 19.5188504984895 273.845660464921 2.17750521672005 0.01 0.01 210
"73" 71.1998027270758 71.2618163505985 28.6571404418691 64.01488684305 500 0.01 0.01 218
"74" 70.6347447599466 90.3003000895416 3.08433608017519 500 391.313824317985 0.01 0.01 219
"75" 170.548280288892 52.6227839110634 2.74408509892008 23.4575563321035 272.828954290788 0.01 0.01 221
"76" 220.691242444242 26.9715388371534 3.3874651157275 41.4214938149548 25.3915863737422 0.01 0.01 223
"77" 74.0637775962309 100 25.8806955167537 353.448193549208 217.970007060325 0.01 0.01 225
"78" 120.05394692727 96.7996803034657 13.1387760294916 56.6513653207216 500 0.01 0.01 226
"79" 59.637036673592 30.4103853275475 61.369070096496 252.882540976729 500 0.01 0.01 229
"80" 82.3340194178271 92.0609960079855 58.5075639069711 500 1 0.01 0.01 232
"81" 49.0090961453159 67.3157297136623 59.8957031858908 500 437.630596251444 0.01 0.01 236
"82" 75.8098671982715 38.1198713293137 15.421084022689 193.844239525422 500 0.01 0.01 237
"83" 67.4621739861383 21.9076821906069 25.9968613450055 500 359.987980587201 0.01 0.01 238
"84" 72.3913122831311 100 15.704313629348 258.891806041869 323.852928902684 0.01 0.01 243
"85" 104.720639561894 100 36.3332930520076 324.820736135161 1 0.01 0.01 244
"86" 226.65867972353 28.6145012138551 2.78901288370406 56.7044691282684 1 0.01 0.01 245
"87" 79.6603905149671 100 41.90402504297 200.511431435645 1 0.01 0.01 247
"88" 108.97394479115 100 13.7309723854079 246.783822016094 1 0.01 0.01 249
"89" 111.204004045844 29.2567471439274 4.85079946312903 42.7038118361322 500 0.01 0.01 250
"90" 209.118778614941 23.9954737199757 4.62395393864885 29.1151878224135 37.9607595829094 0.01 0.01 252
"91" 156.155684221938 61.7791636047505 7.60694916350374 83.7482101580766 146.115646253347 0.01 0.01 253
"92" 96.5611438999914 100 16.3966620855624 187.758072158893 270.283742370694 0.01 0.01 255
"93" 74.8305297406638 100 29.5939871265986 301.39679068055 334.865986574458 0.01 0.01 263
"94" 67.3718291215097 58.5528398880857 22.3891271777347 500 206.967771231685 0.01 0.01 269
"95" 202.349859939019 23.1734504519911 2.65767409726291 102.912882219921 1 0.01 0.01 271
"96" 79.5631696759341 100 16.399993443354 118.171118282864 397.403126508336 0.01 0.01 272
"97" 205.900379336342 28.1860789262362 6.72749388602362 64.5418812481836 6.71271130951732 0.01 0.01 274
"98" 68.3592299251011 71.4128795255241 44.9480781518517 312.065516297649 500 0.01 0.01 285
"99" 89.5867665505276 100 33.8406929504728 303.98214060999 1 0.01 0.01 287
"100" 87.7735764574094 91.9426200598038 8.44274596166135 254.697725878199 500 0.01 0.01 288
"101" 83.2541414506441 100 16.9878533947885 106.848260315269 381.25965152698 0.01 0.01 291
"102" 97.1660203876991 100 20.6840631684867 37.8767494111531 295.660887591264 0.01 0.01 292
"103" 92.6436180896491 100 23.9288945863118 434.654447815785 1 0.01 0.01 297
"104" 228.860518794155 17.2166001314773 1.75121443985949 17.25261740061 23.9102791684859 0.01 0.01 307
"105" 129.559130445744 75.3999315614676 25.5646766955438 452.047800360587 6.5337690745923 0.01 0.01 308
"106" 80.9090831227882 29.8713040729464 16.6567987480616 500 35.8746328168148 0.01 0.01 315
"107" 165.773349743213 27.8239581319298 6.32183647487583 58.1240995075801 68.4146746062614 0.01 0.01 320
"108" 96.775014105051 100 28.0227664170201 45.3238436288049 287.667301230614 0.01 0.01 322
"109" 79.436016521913 100 27.1982176006714 90.818546629359 203.734557330453 0.01 0.01 323
"110" 53.2929633969034 92.9101632422738 18.1730653979034 500 500 0.01 0.01 324
"111" 192.962320706677 26.1097077242277 6.3933210316369 42.4699968026524 28.6202838498249 0.01 0.01 329
"112" 125.93807345847 61.3231210410544 12.1534691312333 500 1 0.01 0.01 331
"113" 81.012347248593 100 17.5003828689863 306.918512968368 370.506671403174 0.01 0.01 332
"114" 110.982246542537 100 6.82247510646146 299.614179132765 52.3852345837942 0.01 0.01 333
"115" 178.236962912733 42.6215038325977 4.25617086289437 219.815137220832 1 0.01 0.01 335
"116" 79.9491941026984 100 58.4775092249129 192.450331702122 255.229008620473 0.01 0.01 336
"117" 95.9552432053319 100 5.83224960438982 399.871519551745 187.774373982744 0.01 0.01 338
"118" 80.7434714963667 100 29.6398519116569 9.0284413214768 199.233455786899 0.01 0.01 339
"119" 188.112153074876 39.4511542453034 4.60565772134799 43.887023939282 33.2704623504602 0.01 0.01 340
"120" 182.444663353351 60.7816653645686 2.55038421406222 182.98316179195 1 0.01 0.01 341
"121" 79.884519468485 40.2544903814421 40.2673157232668 500 500 0.01 0.01 342
"122" 118.506913094577 100 14.2304442289772 258.146581320151 202.393347164193 0.01 0.01 343
"123" 149.915238299321 25.4954950423411 5.04181934460453 130.962321118011 500 0.01 0.01 344
"124" 67.1707391445717 95.2712250128267 32.84224323057 328.667842012519 500 0.01 0.01 345
"125" 119.042593237068 100 2.87223026085969 337.68939296378 70.643591067737 0.01 0.01 346
"126" 84.2577396618053 100 16.4793948137356 227.259223693936 217.164530276373 0.01 0.01 353
"127" 108.057668854156 24.7690430172584 15.2073032606264 186.336079406421 500 0.01 0.01 355
"128" 75.1556470226055 73.2893656253979 20.4336193305696 49.4078999651696 500 0.01 0.01 358
"129" 133.640244196275 89.5554406656137 27.7636642141603 71.0074820256281 165.983519520973 0.01 0.01 360
"130" 223.681515938206 11.0275380086655 1.20268570075864 29.0323161873686 16.5202622326752 0.01 0.01 363
"131" 72.8610001931813 100 9.19426343629423 184.75214713856 500 0.01 0.01 364
"132" 114.497224148313 100 5.43028061259758 275.352862866923 1 0.01 0.01 366
