"V1" "V2" "V3" "V4" "V5" "V6"
"1" 92.8734853261067 100 23.3578604776412 270.402100606015 260.475689618009 3
"2" 70.471361278373 100 11.085280195525 500 211.262558744737 6
"3" 59.6858950873968 100 17.930506246747 216.021317708825 405.076101114788 8
"4" 205.581381782984 16.7010116675285 6.83195922879394 32.0714226462908 74.6080164564823 9
"5" 97.7073599043075 100 7.61446273199949 159.211374801181 210.318453025998 13
"6" 103.481324184689 100 44.4757122883626 305.761565023052 1 14
"7" 58.9611901280771 100 42.38842853315 443.947317768822 307.780865845072 16
"8" 145.099309653219 58.2711573772866 4.78137539122927 247.140493935834 113.076303245445 17
"9" 193.592604081327 4.81684479535128 9.71856832008131 63.4290968656761 91.275620683518 23
"10" 78.5508428793904 100 31.9740653125803 335.565124386972 160.087939567925 27
"11" 151.942744331655 54.7285931764926 18.1345604432922 69.4490534618874 178.337288794052 28
"12" 88.2233952944201 51.1822238637142 7.88737295530316 39.720206301559 500 29
"13" 95.3201397072946 100 3.80913166722988 322.924516591468 279.502308829759 30
"14" 135.969631876746 79.8277033259684 23.8466667605112 40.3204720968033 257.962708260882 32
"15" 171.721485656439 28.5526159298402 13.2214353683081 143.599877973466 1 33
"16" 96.8795420197242 51.5801439602824 9.93349418986979 208.740289979262 500 34
"17" 207.181701032693 25.557582469088 4.17490173078201 36.0871537223119 28.4336189857704 36
"18" 169.908048206974 57.275184970581 9.22605575886925 55.9290931829103 117.922952773174 37
"19" 100.200414197752 100 23.960700467382 119.508513892151 262.442858292566 39
"20" 86.4083641979395 100 5.52749145559033 439.491555691348 409.424859603744 40
"21" 130.499132835441 54.2143261696069 27.9998625001769 295.338182357605 144.234611749763 43
"22" 79.0093528343172 66.3007592874 15.2292371646536 33.8362669093046 500 44
"23" 112.009242961656 67.7232579948026 19.724905968151 500 57.4568746304509 47
"24" 75.3459876114618 41.8669164585908 25.9216860179766 78.2495220853492 500 48
"25" 137.690794623949 100 18.4931153410671 195.366965160702 52.3140181696673 51
"26" 92.2761320758746 100 28.2024143462072 197.564796781833 177.922913680538 54
"27" 66.0314295091776 89.3969776185214 60.5440781876013 500 159.800340843498 55
"28" 240.385397496024 12.1384137041681 3.13004598338731 15.8706474905663 24.26263113598 56
"29" 149.675634051617 59.6715044298296 19.0346994443006 97.7564650481951 100.315869789377 58
"30" 221.110169777261 34.6951194550734 2.17575597927084 67.7806572239997 1 60
"31" 55.5572811907374 14.9424311767407 39.3856217407369 500 500 61
"32" 69.6178603658677 19.1095803046768 66.1200995785485 500 500 62
"33" 57.5596032573309 32.0244416100968 43.2975019662928 369.174863059787 500 63
"34" 91.8703539772793 33.752850762829 10.8957341173615 500 208.985546969242 64
"35" 100.873721124271 44.8186423017549 54.9539450219059 500 500 65
"36" 145.420253794618 64.9132108915138 14.6467624297441 130.120477853912 181.09735377309 66
"37" 170.587437960597 12.1045575452715 5.68815889424729 33.5425496353384 12.310518964749 67
"38" 68.2826867996385 100 28.9838558051425 1 500 68
"39" 178.491437019731 36.9244101067273 2.37131361731141 39.7139110381776 254.682889862677 70
"40" 76.3788791740759 100 3.08647198994857 455.775050385365 167.090549002863 71
"41" 96.2649676918014 100 40.0393317784391 270.644957296958 196.461949684343 73
"42" 99.5086306196922 49.2527800930802 47.5529353052243 500 308.157689492344 76
"43" 100.476865089972 100 10.8550885279887 193.522394038357 186.274838898507 79
"44" 70.3933331808264 58.1911514419167 24.3746344627013 85.4491270670655 500 80
"45" 65.7374392811085 69.953468582936 66.3789387475703 500 186.355226302526 83
"46" 260.202155716479 7.31759365501354 1.2200232093078 30.2510465270131 13.384204801384 86
"47" 210.799957132184 9.19728369917835 5.19139413594061 57.6814595595561 52.4076906563223 87
"48" 74.9717367228986 100 20.6613946623824 241.13563428987 315.269804179942 88
"49" 39.6021315972214 74.2942055932608 93.8104001347174 500 500 90
"50" 51.9971069873746 47.8383121524933 50.8664217366449 500 500 91
"51" 149.892869594367 27.9434244234175 9.34481261066127 192.559155758288 1 93
"52" 123.656310060295 52.877683504029 14.8196681425171 500 193.836369418777 95
"53" 70.8615199365176 100 38.6381240132515 152.009469982181 500 96
"54" 140.34769090044 79.1202793391239 17.5380556342291 150.660704010462 188.461914259444 97
"55" 164.886753675222 57.4017328163632 13.1782274874041 65.6142190723913 77.4281761519369 98
"56" 91.6852198336714 100 15.4999569584285 277.212047331674 307.929010698929 100
"57" 150.001690257378 53.9130311272519 12.8194659200259 24.8330648558725 213.769632502561 104
"58" 78.9658052748815 100 17.1437271361311 248.048167066114 157.924664922165 107
"59" 127.797635609819 15.7841837169116 23.0540024238898 342.551205248199 278.521755703784 111
"60" 100.756035135504 100 37.912765414249 363.854367507847 238.464628155451 114
"61" 69.7821179662161 61.8442688791083 22.6178196560333 140.483592927764 168.236391280154 115
"62" 177.35798164546 33.3721421547009 5.36876666739726 174.20502844632 77.2816005703618 117
"63" 166.014664824362 67.8264782806233 8.73963260364715 149.076763431196 1 118
"64" 82.751007942219 28.8033305042157 28.0132773723443 500 370.915408220458 120
"65" 175.217464593567 92.1587096057313 2.03836908528835 105.571924622541 144.098995188173 124
"66" 112.645678528067 60.7699907159973 24.5718354008041 69.7373951189266 500 128
"67" 69.9145370940595 55.9142967395715 23.0164390208601 205.879382164087 500 130
"68" 156.500771084546 100 6.82463719444552 225.502831197956 1 131
"69" 44.2468746666735 62.9803636896382 100 500 40.1587139688282 201
"70" 191.52803783804 17.6976308241919 1.04926578760109 61.6734416235915 61.8256963811786 203
"71" 75.4102241713091 100 22.0614701270776 9.29177810151599 483.497908643257 207
"72" 84.1071449343315 100 19.5188503509496 273.845660540952 2.17750412158918 210
"73" 70.0339637680697 71.261816447353 28.6571405061893 64.0148881655582 500 218
"74" 69.5292078160615 90.3003001259394 3.08433608058388 500 391.313824342661 219
"75" 169.4226426733 52.6227867021201 2.7440851407367 23.4575560461279 272.828963811848 221
"76" 219.485202141821 26.9715393613774 3.38746514184271 41.4214937190761 25.3915876353005 223
"77" 72.8577372938107 100 25.8806955184176 353.448193836452 217.970006656275 225
"78" 118.868007296556 96.7996798874355 13.1387760352154 56.6513655655769 500 226
"79" 58.5516004014139 30.4103852976737 61.3690700997865 252.882544180649 500 229
"80" 81.188281130528 92.0609962907776 58.507564672013 500 1 232
"81" 47.8834585297236 67.3157285066906 59.8957029380119 500 437.630584733034 236
"82" 74.7043302543864 38.1198714195779 15.4210841419207 193.844240786233 500 237
"83" 66.2963350271321 21.9076823238834 25.9968617499857 500 359.987993280966 238
"84" 71.2254733241249 100 15.7043136176738 258.89180520566 323.852929472855 243
"85" 103.554800602888 100 36.3332927292827 324.820736038628 1 244
"86" 225.45263942111 28.614501226621 2.78901286904334 56.704468755171 1 245
"87" 78.6352562579099 100 41.9040250130464 200.51143176479 1 247
"88" 107.888508518972 100 13.7309724649025 246.78382472149 1 249
"89" 109.997963743424 29.2567473174492 4.8507994765706 42.7038129009419 500 250
"90" 207.952939655935 23.9954736652099 4.62395384453304 29.1151873075602 37.9607594495606 252
"91" 155.030046606346 61.7791469707442 7.60694750556429 83.7481981058927 146.115604886339 253
"92" 95.3752042692782 100 16.3966621397737 187.758070505946 270.283744000609 255
"93" 73.6646907816578 100 29.5939871309097 301.396788113336 334.865987926302 263
"94" 66.2260908342106 58.5528407988705 22.3891277142256 500 206.967776692486 269
"95" 201.244322995134 23.1734506441293 2.65767415927442 102.912880702114 1 271
"96" 78.3772300452209 100 16.3999934235202 118.171118125338 397.403126334332 272
"97" 204.694339033921 28.1860768724411 6.72749370247301 64.5418783675702 6.71271055892834 274
"98" 67.1933909660949 71.4128796387923 44.9480781694609 312.065516434328 500 285
"99" 88.4008269198145 100 33.8406931269373 303.982141095373 1 287
"100" 86.5876368266962 91.9426197949067 8.4427459571711 254.69772542751 500 288
"101" 82.1285038350519 100 16.9878533002647 106.84825999182 381.259649566634 291
"102" 96.2917339885436 100 20.6994734257375 37.6521850381743 295.952282286687 292
"103" 91.7189871911269 100 23.928894452783 434.654446366775 1 297
"104" 227.734881178562 17.2165997343582 1.75121427225857 17.2526181110829 23.9102747741523 307
"105" 128.353090143323 75.3999321917872 25.5646765418488 452.047798097197 6.53377085603491 308
"106" 79.7633448354889 29.8713042461044 16.6567987735055 500 35.8746277077099 315
"107" 164.768316157863 27.8239590778831 6.32183650747115 58.1240997625865 68.4146757685355 320
"108" 95.9031039427669 100 28.0493588906487 45.1255173970457 287.950303173517 322
"109" 78.2500768911999 100 27.1982176396372 90.818546227132 203.734559013825 323
"110" 52.1472251096042 92.9101629050104 18.1730653095841 500 500 324
"111" 191.836683091085 26.1097107421829 6.39332132557811 42.4700011992988 28.6202869011738 329
"112" 124.812435842878 61.3231213685041 12.1534691122888 500 1 331
"113" 80.0274143349499 100 17.5003828307642 306.918514706246 370.506669269046 332
"114" 109.816407583531 100 6.82247514275427 299.614179117478 52.3852364805113 333
"115" 177.05102328202 42.621505273616 4.25617112586806 219.81514598389 1 335
"116" 78.8436571588132 100 58.4775095144917 192.450333148441 255.229007358369 336
"117" 94.7693035746187 100 5.83224960282578 399.871519534823 187.774373974061 338
"118" 79.9199537449252 100 29.672651030998 8.99509809199953 199.347417087359 339
"119" 187.006616130991 39.4511539053406 4.60565768584857 43.8870211813833 33.2704638739644 340
"120" 181.298925066052 60.7816638355281 2.5503841571757 182.983157943967 1 341
"121" 78.6985798377718 40.2544903841614 40.2673157263514 500 500 342
"122" 117.461678165813 100 14.2304441832573 258.146584526319 202.393340996348 343
"123" 148.749399340315 25.4954950792602 5.04181935479631 130.962322109984 500 344
"124" 65.9646988421515 95.2712244391761 32.8422430835076 328.667839380424 500 345
"125" 117.896854949769 100 2.87223026575666 337.689393624643 70.6435906305719 346
"126" 83.1522027179201 100 16.4793947816796 227.259223949239 217.164529689223 353
"127" 106.871729223443 24.769041928886 15.2073029033968 186.336070389087 500 355
"128" 73.9898080635993 73.2893656624182 20.4336193349901 49.4079000664912 500 358
"129" 132.67693607874 89.6447484888975 27.8118871077139 70.8994344290311 166.335532032596 360
"130" 222.656381681148 11.0275360697561 1.20268537829282 29.0323091027523 16.5202597387646 363
"131" 71.9765706380731 100 9.19426344311823 184.752150019124 500 364
"132" 113.391687204428 100 5.43028061481181 275.352863031052 1 366
