"V1" "V2" "V3" "V4" "V5" "V6" "V7"
"1" 54.9729393871972 71.6479589879375 72.237772713049 500 43.2986916792127 0.01 3
"2" 46.3682635684963 100 100 315.862603027027 4.83410565068564 0.01 6
"3" 41.886404027793 92.8239841765086 91.8581251683146 500 37.3992379155712 0.01 8
"4" 53.5500637560405 100 100 272.793403694049 1 0.01 9
"5" 49.1025323293291 100 100 273.156404544624 1.55507159322987 0.01 13
"6" 79.9248201069792 15.6985894442679 17.8872575976157 500 65.5904638243142 0.01 14
"7" 49.5041435347167 100 100 460.130220983984 1 0.01 16
"8" 47.9550543577245 100 100 267.678606751164 1 0.01 17
"9" 51.4129106027785 100 100 416.821487267399 19.5339389166737 0.01 23
"10" 48.085939078408 100 94.3666772131336 500 35.7048739801306 0.01 27
"11" 53.820068277857 100 100 259.583929818643 1 0.01 28
"12" 41.7182651206512 100 91.9565592177122 500 26.9818493274592 0.01 29
"13" 48.2378145383315 100 100 353.520780533842 1.34877575012762 0.01 30
"14" 49.9461684225289 100 100 412.666991942375 10.6620899164764 0.01 32
"15" 70.3757898220694 30.2237093098786 31.2881711187173 500 55.7006248127201 0.01 33
"16" 46.5722548702495 100 100 272.85103338862 1 0.01 34
"17" 54.1327909707984 58.8071265834125 57.4508595206511 500 54.5808228320875 0.01 36
"18" 80.0878249623255 15.8182147034971 18.304913563414 500 77.3105261745224 0.01 37
"19" 48.9092971822173 77.7272891973142 96.5742431869065 500 61.4951638054829 0.01 39
"20" 53.9330305551218 100 100 264.284710508699 1 0.01 40
"21" 53.4349985871777 100 100 268.441817845987 4.74266901164709 0.01 43
"22" 46.7928143835633 100 100 341.64393175928 1 0.01 44
"23" 51.046490959129 100 100 363.107775967231 1 0.01 47
"24" 51.7921640190195 100 100 260.171208376253 5.12955122017091 0.01 48
"25" 51.3958014723944 100 100 357.931687681331 1 0.01 51
"26" 47.3741223292746 100 100 347.085673178346 1 0.01 54
"27" 49.5982996982722 100 100 439.331250495461 1 0.01 55
"28" 51.3835690354638 100 100 426.004069686054 1 0.01 56
"29" 54.5012310377509 73.2199410697309 70.6479544417822 500 45.8373447580151 0.01 58
"30" 65.7197163119646 40.2192110219665 40.63823256324 500 69.7389917526242 0.01 60
"31" 50.4606581185354 100 100 261.199691525997 1 0.01 61
"32" 50.4844066795122 100 100 273.670927248034 1 0.01 62
"33" 49.26882468924 100 100 339.434631408882 1 0.01 63
"34" 52.98448077424 100 100 327.574341719981 1 0.01 64
"35" 83.3851072569858 16.2467812287158 13.7759851542634 500 71.029190550397 0.01 65
"36" 45.3999557883092 100 91.4982513735413 500 30.3922229465475 0.01 66
"37" 36.4366726416702 100 100 325.351415818046 4.23646165369216 0.01 67
"38" 58.1648122823394 56.9768033645207 56.2999830684051 500 53.8597166604498 0.01 68
"39" 51.9435381129614 74.6999931740948 80.5357138174703 500 49.0096419787856 0.01 70
"40" 50.5876048920784 59.324602763511 57.9565878657485 500 65.1445135347529 0.01 71
"41" 65.6098036090683 39.0994382653435 38.7239576036717 500 52.1666758259289 0.01 73
"42" 47.1893545115445 92.1727119142567 94.7008002620094 500 36.0071188866317 0.01 76
"43" 46.2331409518208 95.9440043067416 97.593232070387 500 58.8619409325868 0.01 79
"44" 47.5304989472337 89.0577462729821 92.8569202171404 500 45.1216400635341 0.01 80
"45" 63.8929894182936 42.0576362766291 41.0371123876429 500 65.739965467146 0.01 83
"46" 64.977285262089 39.8211372238853 39.3519026538778 500 52.9481119575694 0.01 86
"47" 57.6947089190955 57.2406046448681 58.049252722286 500 48.1083531588343 0.01 87
"48" 45.8461488279833 100 90.7823892860278 500 33.0575847661802 0.01 88
"49" 55.8988123261321 68.5655428218873 67.1825763307557 500 54.3163757865289 0.01 90
"50" 52.8953084277664 100 100 281.890283613931 2.11025008048758 0.01 91
"51" 69.696609794673 15.6028285456404 17.1737457766564 500 56.6477827132087 0.01 93
"52" 46.0478112309549 100 94.6580978875352 500 35.9618581245981 0.01 95
"53" 51.1504085615772 100 100 316.082705660582 3.03223986107761 0.01 96
"54" 69.0759636607725 32.2753109008609 34.186449938461 500 55.8211561721759 0.01 97
"55" 51.3497776536398 100 100 404.855585166906 1 0.01 98
"56" 61.6546701572389 53.9236648554166 58.4688529899408 500 65.6353746530437 0.01 100
"57" 64.7667491115591 36.4433998064261 35.5052619771991 500 55.9074495758442 0.01 104
"58" 49.7024519266377 100 100 324.437424604575 8.08272830934927 0.01 107
"59" 51.815127886825 100 100 272.117609319779 2.77139403342772 0.01 111
"60" 47.0989717410744 90.8780277523779 90.3793657661785 500 31.365416733324 0.01 114
"61" 24.3502742247962 100 100 353.925337567537 1 0.01 115
"62" 73.7041871129308 27.0628188381469 27.723568009236 500 71.4359235519349 0.01 117
"63" 44.8694052172003 94.8428836046285 94.8317538569187 500 51.863734383034 0.01 118
"64" 55.5192186549271 67.1706861717035 65.6665632203525 500 39.3864945523459 0.01 120
"65" 51.5977208651009 100 100 317.048597101206 1 0.01 124
"66" 45.1999252973283 100 94.9544913059572 500 35.0704499846858 0.01 128
"67" 50.9072402717701 100 100 311.543900916306 3.75348807725648 0.01 130
"68" 49.2883711852443 100 100 313.1326341683 5.24672685035264 0.01 131
"69" 41.6356643483057 100 100 326.131433980877 1.57568408334134 0.01 201
"70" 36.7920051314 100 93.606973688357 500 41.7697389998121 0.01 203
"71" 48.6643637819969 100 100 332.673173640911 1 0.01 207
"72" 52.0376034460358 100 100 386.35539274213 1 0.01 210
"73" 47.9339237054353 100 100 338.109618554152 1 0.01 218
"74" 82.704552203397 7.65735382722539 8.11279399264552 500 89.0636345167196 0.01 219
"75" 44.6819353628259 100 97.8780071149799 500 41.1996985197872 0.01 221
"76" 58.0419534842251 56.2974594937913 57.4388063563405 500 51.8891643261874 0.01 223
"77" 46.685881982189 94.9803566768896 93.9293159457771 500 52.5726542366785 0.01 225
"78" 50.5962837914612 100 100 405.996599463994 1 0.01 226
"79" 44.6047665362226 84.2126480323711 95.3053835013305 500 52.6830856772515 0.01 229
"80" 67.2724404818899 31.1909451022993 31.8191821286416 500 56.0171432919922 0.01 232
"81" 55.7006265727755 60.12029919279 56.4206325187017 500 56.9531860355919 0.01 236
"82" 49.067106431049 100 100 363.291490367197 2.31402944741047 0.01 237
"83" 47.0944043194484 94.3055750190093 89.3981034251571 500 45.50790343184 0.01 238
"84" 50.7952637081065 100 100 328.675659939599 1 0.01 243
"85" 69.2937992171315 30.8868667636811 31.9845964261489 500 63.5795118595857 0.01 244
"86" 46.4188635920602 100 93.7349563237176 500 43.9234734940541 0.01 245
"87" 40.7050692673044 100 100 257.297564264272 1.49825328170748 0.01 247
"88" 48.4827997737231 100 100 268.731763713813 3.79218262747823 0.01 249
"89" 55.854716664834 100 100 285.183749595338 1 0.01 250
"90" 61.0030381391717 43.6288948311994 49.4721488530234 500 55.3975645913883 0.01 252
"91" 60.820430167619 34.2859399985716 36.8541746891749 500 63.6199773037452 0.01 253
"92" 51.0902960139976 100 100 358.68024742484 1 0.01 255
"93" 47.5135809349059 82.3437064885268 99.6674054893071 500 56.4892615609235 0.01 263
"94" 49.0640679975399 100 100 360.847484567915 1 0.01 269
"95" 44.3549614653749 75.9107314044352 95.3814804582591 500 46.7317251523288 0.01 271
"96" 63.9050092811243 49.7974791167164 49.8118302943702 500 46.3557883555064 0.01 272
"97" 51.8122798025695 100 100 332.614428492239 1 0.01 274
"98" 68.9825074193728 28.2135616802067 27.8207129989508 500 69.1090269207752 0.01 285
"99" 45.8006504317049 100 93.3041237866668 500 42.0267999823565 0.01 287
"100" 51.2173025549971 100 100 471.104290894161 10.2479570461739 0.01 288
"101" 44.8831248354564 97.1017791282238 100 395.33928819649 1 0.01 291
"102" 46.0677822048816 73.895536753576 94.117689465394 500 39.4091256620365 0.01 292
"103" 38.9585472242506 100 95.1535468819782 484.010189822908 10.3009841899469 0.01 297
"104" 45.4175375755027 100 100 260.45193927388 1.25294181661233 0.01 307
"105" 49.4058525307497 100 95.925810867063 489.693781279168 4.65369155222576 0.01 308
"106" 49.2274051403606 100 100 271.688794911148 1 0.01 315
"107" 47.558623685603 100 100 276.738055695817 1 0.01 320
"108" 51.5525240920803 99.9228374735031 100 401.143068944099 4.92646386903545 0.01 322
"109" 47.14881246549 95.6221626050641 94.7903536518432 500 57.2609817341657 0.01 323
"110" 62.1125516410498 40.1143540663502 39.8296655298325 500 56.8744611108316 0.01 324
"111" 49.5747893069758 100 100 271.132250295832 1 0.01 329
"112" 50.5251113529012 73.4039744434318 78.7796492770666 500 40.6435290530343 0.01 331
"113" 70.4751247432081 21.1592400578649 22.5933060217373 500 89.2533841002368 0.01 332
"114" 48.4883782172754 100 100 256.671611514806 3.24995269252773 0.01 333
"115" 51.3729788962308 100 100 326.499275333363 1 0.01 335
"116" 60.6760313087652 38.5104930310625 39.190048383746 500 52.1035569011413 0.01 336
"117" 50.5440619345612 100 100 436.356805041601 1.53349418142644 0.01 338
"118" 50.3173346585082 100 100 259.533115178564 3.15251714700441 0.01 339
"119" 47.048732303385 100 100 421.979162507864 1.54108199956231 0.01 340
"120" 45.3872668349001 93.0049417180449 91.8851510775312 500 44.4878596721522 0.01 341
"121" 51.1645684834974 100 100 356.170151967563 1 0.01 342
"122" 51.2983037439504 78.6809195710269 85.4352014688823 500 54.7607625597682 0.01 343
"123" 50.1217839107803 75.5742692379988 81.9116559777616 500 73.585715145521 0.01 344
"124" 57.4645223199038 55.9451591154824 56.993323275172 500 46.6736588452798 0.01 345
"125" 47.7403636676431 87.1552814853603 89.8044746286775 500 34.3546928043315 0.01 346
"126" 50.1852656777206 100 100 260.440809917785 1 0.01 353
"127" 62.6810674362423 41.8413801761356 45.2173270711029 500 46.6526333450635 0.01 355
"128" 68.8865043934972 28.7109166766609 28.2804534844654 500 73.2213029693717 0.01 358
"129" 65.0678436842267 39.6283016623708 40.4599808657204 500 60.255669047606 0.01 360
"130" 46.6952224716171 100 100 346.479169020741 1 0.01 363
"131" 35.7863827918937 96.2969941188512 100 368.032590030006 3.53805019329128 0.01 364
"132" 48.8898184146164 100 100 274.229693673157 1 0.01 366
