"V1" "V2" "V3" "V4" "V5" "V6" "V7"
"1" 171.853718420946 33.5872491736672 11.6075596593944 106.723814707263 181.454089305213 0.287334401364328 3
"2" 168.515704178028 51.6626569459741 18.7011012398403 119.925438104792 88.8745480825222 0.304702469902185 6
"3" 151.376413954017 14.2862062709621 3.88236592004747 4.06808344062079 223.757780416424 0.434563882941933 8
"4" 86.3688324769383 100 100 40.4245096828513 262.309046505206 0.281408430241314 9
"5" 98.8594289422118 100 17.1208422116538 1 250.014318544555 0.169317201172268 13
"6" 85.3613910442391 100 20.8880352038755 44.6101873082448 197.408360789003 0.01 14
"7" 54.7498056274086 100 37.0319424329406 500 162.057782583172 0.01 16
"8" 100.481159382116 12.8125454103738 22.3470386360423 89.1168472770299 500 0.0844200926323593 17
"9" 139.311184489718 100 28.0094812602356 435.375614767758 205.784347813218 0.405941315458557 23
"10" 76.8199640181004 100 34.6834232435727 313.329218340221 23.8869930205593 0.0166512623161362 27
"11" 101.843266575804 100 35.5053323584014 146.732895123951 485.76014233808 0.166934784663368 28
"12" 84.0342966101623 100 34.5337320659558 12.0992325152746 500 0.484033169544494 29
"13" 121.798711576401 100 10.0796855301173 500 86.3261642225954 0.413792750749298 30
"14" 187.861737429158 4.85197199663443 1.83871272671824 36.202894255097 66.873822824455 0.492663400684691 32
"15" 94.511230763562 18.4956820409855 15.7952004634096 9.42978873575318 500 0.588465972721008 33
"16" 117.442905615825 100 14.6114525468874 218.973819839304 228.083519096946 0.334770179416964 34
"17" 113.034576442008 100 30.3211331281055 458.487353132562 61.8293885028892 0.292837318652623 36
"18" 95.8483617726338 55.1027809665672 24.3236173953358 500 500 0.649975597060199 37
"19" 128.128750064587 5.73052418605945 6.75778025556957 26.6179154952244 500 0.456654506269454 39
"20" 93.6464024597747 100 58.2045505844422 149.393941472744 500 0.208140981545888 40
"21" 77.2118866962727 29.0378370048877 65.2302883140717 500 500 0.0775981489440695 43
"22" 125.613298646334 39.0667989666128 9.82157543468113 342.664629976872 500 0.428570554331593 44
"23" 169.13206320687 18.1024171173297 5.06782854935835 7.39492573745382 312.890636864625 0.386432675033283 47
"24" 83.6405902866722 100 43.6232659649777 435.442541510403 194.297638547532 0.0842363925018619 48
"25" 179.891303882891 15.7462150480662 10.6419716418378 214.080556452619 164.895785879971 0.230820954609099 51
"26" 135.459633766274 94.9212114352772 5.26810512288576 18.1414238345064 79.2856868186481 0.404164376219152 54
"27" 100.146690258698 100 27.3758236019431 207.034606718049 389.606340372171 0.124484971162207 55
"28" 129.269504547852 49.3483877390675 39.1506907592174 500 278.712844879351 0.270736637132327 56
"29" 97.1696986111148 100 15.9579786716296 39.0061468478674 299.549531551756 0.0348521607246212 58
"30" 132.546938903909 100 17.6648073574599 226.251790706034 90.5007627990765 0.12254260353956 60
"31" 112.649565985889 41.0276086213211 47.1212899576752 500 419.619033429452 0.29173073749042 61
"32" 91.7843306905993 42.2568984141911 38.8033946672335 103.67195750959 500 0.110427549126643 62
"33" 126.65148658035 100 25.5376319932867 144.980180489577 267.796495117999 0.276937855111268 63
"34" 113.446516274292 100 26.8671973709576 17.5926238898381 236.96310206811 0.446283893612609 64
"35" 147.443410950087 93.6153140753598 4.31732187663745 91.0992866579483 500 0.381063962416854 65
"36" 80.8561093990401 100 28.7781102591872 500 500 0.0857818700659751 66
"37" 192.72436084409 8.12984578753248 0.929955622513798 18.5192129785447 29.8411092933856 0.27574376319996 67
"38" 163.522524549576 27.6921605363785 17.4002528773816 37.4316833160077 238.988923997032 0.205002557945106 68
"39" 114.507198615921 100 15.7174349600977 199.047114363663 79.841920302316 0.13290352467292 70
"40" 99.557401578281 71.293196970421 19.3447887471804 500 500 0.272707397430431 71
"41" 104.583902876256 100 15.521615157734 367.51786640456 358.461486030442 0.169337424026963 73
"42" 144.441931763528 51.5142697069793 14.0193449416949 19.0364287237774 211.55249726197 0.418328110817014 76
"43" 131.702089074423 82.6585955633954 42.2684969027816 500 84.4882578124437 0.416030756970626 79
"44" 90.8988455810276 100 22.1008997431218 9.99850978633984 500 0.155834497931703 80
"45" 92.9846936543111 94.5537009048852 46.1853476439562 500 276.675400026622 0.151345863150079 83
"46" 98.6547779006304 100 21.8151505897401 42.6100757657188 362.922690991001 0.0382751300915272 86
"47" 174.332688641297 25.5046757477349 5.20125426913451 30.7380570276446 160.512778452116 0.360397551988602 87
"48" 86.8954274529486 100 22.1368924939087 56.6306388187434 88.3161466979267 0.01 88
"49" 133.084773895263 100 31.2644609861802 256.298194926606 71.9680553351938 0.292528375507136 90
"50" 105.465348189069 100 9.952715010752 407.264824791533 373.605636188272 0.583320649254268 91
"51" 101.308061064065 100 33.4992183923014 219.7176678652 84.1907102032775 0.115203343412116 93
"52" 163.443957625385 18.337243073223 2.47583887197081 2.34353928636577 120.688878916763 0.513887370301479 95
"53" 59.5518185087675 84.6241329911196 21.8436380621112 425.800148237437 500 0.01 96
"54" 101.136132279928 100 51.3699156764088 330.501298285116 237.381853060058 0.214534815814672 97
"55" 181.015501407403 100 2.6916459418717 177.53608201658 123.604476283218 0.131282304070247 98
"56" 166.262385426465 45.7896270574767 7.01510529685077 26.7997121384997 126.79585754986 0.405837967729101 100
"57" 93.7252057988669 82.1561906351046 13.8258384179024 19.1623795232409 500 0.404196855570433 104
"58" 111.231186483776 100 28.9236530364236 28.4827808398644 131.849261351506 0.278955029525905 107
"59" 101.966952698037 68.5169950013589 24.960728561282 23.2301656965208 500 0.206735746354833 111
"60" 105.848284393924 27.4823038271936 27.3432665485677 500 500 0.321269702550148 114
"61" 51.1174513377208 34.0699484576335 33.8583521638263 500 500 0.17241393897383 115
"62" 93.7489191476683 100 32.8778100403515 7.27804123869224 142.754668050216 0.459279357014273 117
"63" 108.979365850659 73.1167444245679 17.1597933997194 500 500 0.448271658688171 118
"64" 121.182329703072 100 7.85512653034734 14.0518048110587 180.410066281457 0.223666942676426 120
"65" 146.406297412962 100 7.54857787454308 54.1209692637102 186.561609308245 0.25215926921271 124
"66" 113.282823954371 100 20.5935832192608 465.603533825512 6.92368521843896 0.399938739353334 128
"67" 111.185768930345 100 18.0859906653714 19.8441301856534 243.583043393593 0.335654125246374 130
"68" 113.377230868411 16.9304530171638 15.0529832789804 500 500 0.254237755845331 131
"69" 90.9520310947085 63.449946571622 21.1190586785147 500 358.382102803823 0.224421571437012 201
"70" 138.779920352244 38.270358716607 18.3763576536434 114.121879506629 148.74003519472 0.352794416619119 203
"71" 144.934586310927 67.7625115726147 18.6855553276462 32.4307555605653 308.518047240962 0.256185818258767 207
"72" 152.633062237561 59.3511939462494 17.3719421649958 435.176972574135 134.388353895209 0.338941335243132 210
"73" 75.3745382122929 100 32.8389181252242 500 451.40258122202 0.0689547043340198 218
"74" 110.725025884126 100 23.1432292438366 90.195176875676 130.739249647808 0.259319705879589 219
"75" 144.18473216451 19.9075503686669 22.8505563019804 277.168726381219 369.208658109892 0.193943738624343 221
"76" 135.671055022405 6.0116362365147 24.9431950560067 86.7166326491351 454.64397929752 0.469511454559263 223
"77" 107.83431806892 100 5.25163416872648 422.494099472616 212.656953658 0.0833359532005511 225
"78" 165.84929556689 64.5333449783585 2.81337567441013 19.4409505724092 84.4232605879585 0.46240172268939 226
"79" 97.8286213199579 100 27.7315585045031 1 167.704764067472 0.28872494144633 229
"80" 123.125500453997 11.7556674768259 16.0290883834883 318.351265623932 500 0.438156293439416 232
"81" 106.916640239887 100 20.4436963440469 389.976307408272 500 0.392572378376143 236
"82" 91.1502286564171 77.6143050365165 41.9079635089165 15.4382412589568 500 0.268324905425158 237
"83" 112.579607863657 100 10.4165831010987 39.4210326228772 314.780060113819 0.439774118359928 238
"84" 151.805209309373 32.7190022862951 9.51917569807744 277.049649189109 500 0.189088043700579 243
"85" 92.6141335440983 75.347239560035 38.0460818003225 23.8444849238705 500 0.377276004334102 244
"86" 62.6378158919971 100 100 29.5717546910653 17.8314736432435 0.01 245
"87" 159.582637518529 32.7615481951479 8.34982740430065 150.229080494815 55.6843091509678 0.30975373273409 247
"88" 94.4420284958556 53.2552718288601 9.60690005983577 37.0886484272052 500 0.045357169849688 249
"89" 110.588777947355 39.7332767102287 6.25264402215407 500 462.99390216433 0.150001555592846 250
"90" 83.0837609258933 100 100 24.6224649523076 21.0132457793512 0.106778799775905 252
"91" 90.6645459324929 14.4007190175682 35.8405027514305 286.416443595806 500 0.113502462785754 253
"92" 176.792454500992 31.4710328528864 11.0168455357264 49.5221309847895 220.864804331961 0.255359664607676 255
"93" 118.540120245836 100 22.2038422921778 500 63.3957658429725 0.327552995969789 263
"94" 90.5944910497989 100 34.3574146332476 386.236419971881 419.24704491781 0.137551516564027 269
"95" 97.6203744601304 74.8272742419725 28.728206025738 62.1936777887914 500 0.233392810592899 271
"96" 121.706946887623 100 21.0761938655512 72.2388118102546 148.413990963646 0.341536549817473 272
"97" 135.479873412675 100 14.0153936845672 23.7447450045018 187.028720756425 0.410514399086604 274
"98" 117.163980793326 100 20.6305885809249 277.800574974839 267.304288942291 0.135145817064799 285
"99" 106.420383735643 23.8082905978568 15.3979643226512 285.693741670052 500 0.11756864240058 287
"100" 121.664692145785 100 26.4915911824163 258.028594840279 298.019408654905 0.244656723334454 288
"101" 114.114139101427 100 3.2857967448699 234.031110295236 18.5593561621958 0.0347710386607085 291
"102" 136.440858622916 97.490238224661 11.5393235411553 252.183450371009 500 0.185111741891004 292
"103" 92.5047592740847 100 5.18469516961956 312.419718212804 379.891139033929 0.260698126472151 297
"104" 102.253530487568 69.9246555919448 13.300601768999 189.683019609233 500 0.1828219128815 307
"105" 118.861330302983 100 15.0192861125854 343.240052928189 394.301868682657 0.316524759339547 308
"106" 137.991175534865 58.558344079003 51.3240261632101 409.913786324637 1 0.331972921650374 315
"107" 92.7264108890059 100 44.0784603684208 85.6983054008107 149.959591238094 0.27110367702373 320
"108" 117.333832895112 25.4286211370702 18.2534197931725 251.007077811731 500 0.147084865847948 322
"109" 102.77605865945 99.7885512224828 6.32584363929807 500 448.725596544649 0.135594107262467 323
"110" 110.809770670671 100 27.2966184907369 290.573827646434 19.9102443641119 0.222423467952152 324
"111" 168.603137150867 27.7213059321307 13.5816944294867 172.70348818508 96.1647804883472 0.333911572863137 329
"112" 103.775743727408 100 26.5276761314701 270.629559643134 500 0.424548624265069 331
"113" 93.4250351770832 100 24.3172871156424 95.9594712598267 375.867150639292 0.161362601007075 332
"114" 91.3832992479275 100 22.9983218895204 86.8484610708255 22.562336300873 0.01 333
"115" 131.813113550222 100 5.4552319413688 5.08721593738291 110.930645506242 0.416409739361591 335
"116" 103.48273857996 100 5.91871574428361 7.20807062255863 404.775252946512 0.430021141047456 336
"117" 161.139473928281 3.79806963542749 6.15314832831702 133.911585421089 5.156351039186 0.589349567577376 338
"118" 89.9983858558765 100 31.5799085717979 1 305.4347727419 0.270282955236248 339
"119" 120.981290893839 100 5.13896749816858 61.4062287079396 396.107034779558 0.233937967787152 340
"120" 118.404486696348 60.2562063394277 27.7620135695986 144.051433417018 500 0.324277349310102 341
"121" 117.965301913289 100 19.8106677438398 49.4360090258849 84.7996996924586 0.172045952017067 342
"122" 112.031560821987 100 2.87793811487534 105.563182080259 136.148013769398 0.01 343
"123" 181.110038935233 17.4639266750819 6.17503335664315 47.717140935998 107.589404010715 0.382207588136143 344
"124" 112.897904899555 100 28.4863267659132 30.4782998980457 494.959293755641 0.37944200586228 345
"125" 49.4938370116978 92.4699422979518 33.0573441920702 500 477.029781145151 0.01 346
"126" 114.638873242601 14.0926852750065 36.2288608548447 500 500 0.472379985543866 353
"127" 114.124144964278 100 13.8249089573344 73.6117353290508 150.553476977862 0.0749747171790177 355
"128" 161.447432049546 65.6392732367566 7.28884431689173 200.498309185684 171.911606720966 0.39551764609786 358
"129" 131.868559654601 100 14.8982003762536 323.176249876594 260.864458172066 0.482567265953187 360
"130" 184.419518315427 22.8605015534563 2.76588178727227 47.2623872062127 67.8636678211084 0.202607027036753 363
"131" 147.587290359766 24.0801711579869 3.52120913704162 98.5553241918521 186.807768684407 0.150816181087805 364
"132" 120.273353895328 100 4.79237217509099 249.174221374924 108.770905169061 0.144119795458992 366
