"V1" "V2" "V3" "V4" "V5" "V6" "V7"
"1" 177.425176301763 40.4024851707205 12.5539276290911 282.806091426909 177.291684426136 0.361704257879633 3
"2" 125.044464966206 100 10.7141890995937 197.220189295183 31.0316126636609 0.181716091850168 6
"3" 165.21726916098 4.7609492582637 11.6799150226432 324.096882191796 16.2685935454183 0.54396387194985 8
"4" 128.259049723321 41.0801095246956 36.1721540614307 280.784589854791 500 0.460416901942515 9
"5" 155.600923764294 100 21.5754752050542 114.348684568575 171.007586522674 0.575025834945878 13
"6" 156.176021517791 100 3.45739036766238 295.116466869674 49.2950655170675 0.654348469093617 14
"7" 148.47276443387 100 3.84315015545158 219.547911488261 143.390745644221 0.497771618655455 16
"8" 108.943252431885 100 30.0497985162018 496.768744107324 147.996785001041 0.491096016578452 17
"9" 127.418607863735 100 14.7825916677905 493.66343979936 178.745413300467 0.609770050565348 23
"10" 169.123959314585 14.5337415126627 23.1764688157139 155.322932757258 281.726576046544 0.479584052337403 27
"11" 117.433421863203 100 5.96437080044377 427.319242047326 186.187913842134 0.546624448653655 28
"12" 135.399647671714 83.291970494751 23.4944273265372 153.275419455615 219.751302184711 0.695517528022448 29
"13" 81.7016228811872 100 24.1364066886498 274.327651261905 210.87431883065 0.113145004985006 30
"14" 172.161498437811 1.45812871221198 4.54957422473624 76.9217639319951 31.4423099498773 0.773344014063752 32
"15" 143.352100224149 40.659282709223 33.3411980354294 386.229147042794 243.025574518071 0.561379537001775 33
"16" 139.776040916375 100 2.00255998840178 361.565579596229 109.718800453839 0.497052735626052 34
"17" 111.811974831429 62.8843869920686 27.9282406313741 106.700477078664 500 0.552164482803476 36
"18" 121.870541079465 100 35.4649470864132 270.947335537143 44.0621450440019 0.483951621365783 37
"19" 120.954603994318 18.1778695410414 8.2824354241299 500 168.906073801348 0.288342060951583 39
"20" 122.420005158166 100 17.6059837149413 111.071773607782 476.766798156245 0.538577448302198 40
"21" 119.410007786667 69.0443510277715 45.3660474387608 500 498.467126690787 0.570012747044435 43
"22" 120.921135943401 63.307989474077 23.3133941185649 66.873900876087 500 0.696071362040128 44
"23" 123.20469430224 100 31.6333718702306 326.612291335778 404.447995612466 0.516260667505283 47
"24" 125.920984921066 32.3463093909795 15.3812253891282 500 500 0.62333946862197 48
"25" 114.143459809459 68.139477884323 20.6856700498784 353.478190747923 500 0.520482119592379 51
"26" 99.321722923208 100 25.3501932165741 324.217971188233 96.0301819875755 0.740034927089302 54
"27" 117.772177570681 100 16.836350280771 334.573547646544 500 0.548404988822448 55
"28" 81.2981057228583 100 100 49.7377803593628 1 0.203036756123251 56
"29" 194.489641751027 43.587084421986 4.05355356349235 141.638208849566 136.982639240148 0.184289435624701 58
"30" 125.294603983863 29.86547575751 22.1727927491219 51.3452081140168 500 0.550782530046846 60
"31" 114.375773036979 13.252021295106 16.017427612999 500 410.737209384011 0.676065374212907 61
"32" 115.850725116829 39.2656844242116 5.03265786151113 256.852138901885 500 0.288337040123288 62
"33" 119.8605817406 100 24.2031934912192 220.554799098421 324.944162108043 0.540856443279026 63
"34" 163.267770319171 42.4379996743417 35.3826754311624 311.15565310211 307.959469043814 0.474242450079802 64
"35" 114.25355266221 19.2116675987793 14.1983478615082 114.984373286674 500 0.760496063851847 65
"36" 112.796826005401 13.9770777468791 40.008945857525 375.951829060067 500 0.439423921345258 66
"37" 150.680082032821 47.856206844816 12.6585910816202 106.732026782898 127.155347908474 0.514918774566154 67
"38" 126.403787991908 100 28.2297566628287 335.893850730904 146.288240415657 0.608568601690754 68
"39" 106.355064576941 91.2531611302655 53.0802344387026 92.8513738052789 500 0.439285727242209 70
"40" 144.870584161892 78.5139194380388 16.3541161591026 26.6571922011468 485.19197654304 0.601939120284341 71
"41" 131.641357778568 100 41.2885634272628 123.913776362162 449.040529998131 0.253138270223267 73
"42" 157.804497202543 52.6071387063728 28.1915514731547 388.374685628153 288.638862486975 0.651500034445403 76
"43" 167.872691051119 100 26.6305401074147 117.998743863163 292.605558020578 0.560778915538134 79
"44" 211.406283502005 53.3889351876769 2.68943819321706 120.420660303903 120.233617644058 0.411244745818416 80
"45" 125.981273427943 52.93907621632 3.77165487676405 25.1469001748102 500 0.704430019095975 83
"46" 132.165003679776 100 40.6446690914666 207.104083730536 20.2462296035905 0.648976409887215 86
"47" 187.928258562474 33.8171542139048 10.3064633209288 26.4488220178428 206.177844831553 0.591557516571886 87
"48" 132.308612801288 100 20.1680936428333 159.394606322139 130.522070079377 0.555066972116919 88
"49" 191.947441017449 3.89006133840176 2.65529514055555 53.4526335372064 21.4314312800508 0.684141224142036 90
"50" 148.04301200007 100 12.2715940413322 75.5579334722038 107.243182892147 0.442871977563597 91
"51" 178.027298289625 16.016277265179 6.58883017401765 12.0427598223128 125.199963323924 0.647041159924988 93
"52" 68.8289093188525 71.8511733931236 42.610279117424 500 358.884167002408 0.11303803962833 95
"53" 166.461621849559 15.1770565891188 3.27275771838352 14.243653434603 130.027216451217 0.79385804605274 96
"54" 122.434049909273 100 15.8740947587027 429.358330945475 38.8289569217699 0.384791373245763 97
"55" 142.222138167574 99.6129898361515 26.3485873238784 166.270145645892 500 0.633525824005316 98
"56" 167.321441378528 100 5.16775168305584 27.5731862076369 203.469592625596 0.696436979281965 100
"57" 115.80814527604 46.2641353649632 31.9754710658573 500 463.696124291307 0.555915489791763 104
"58" 138.716285449259 100 15.1676564330919 76.3297543400284 98.2845284349281 0.582180896453182 107
"59" 172.413981126907 61.6645376703001 15.9652891746804 177.057305558262 299.854136138876 0.578549374530539 111
"60" 117.793269898467 100 14.6206845629078 135.717841967901 241.566741163346 0.678053521552803 114
"61" 74.1245293415968 100 36.7270852351058 442.276410774569 1 0.41604773056514 115
"62" 109.344936044186 100 34.5479705992922 54.3479518161159 23.5580341263587 0.01 117
"63" 113.458753368151 21.8625372638745 25.8922600278348 500 500 0.537229671351162 118
"64" 128.906028540574 100 26.4186021695115 18.8918233086433 81.2799643638623 0.01 120
"65" 119.890862166428 65.4006119782637 52.4923245688602 157.063237373351 500 0.614762615722888 124
"66" 126.369372824155 100 14.4770824217237 88.5130090341854 417.791996551936 0.5267187302683 128
"67" 126.185899369055 100 24.1977951863871 278.874146454175 125.09757641823 0.70688669482631 130
"68" 124.555465609501 100 26.0661220682073 134.844942202783 335.635269365216 0.520656870097012 131
"69" 125.017700639694 100 13.3400937684604 105.824622680319 47.3623165598873 0.501759338709243 201
"70" 166.905734288205 50.0502462862708 10.7971458187263 27.4528711408631 167.876816259639 0.538194218728262 203
"71" 158.800874490609 84.8192308973394 20.090906058545 140.532793468346 238.486657266778 0.544314280404963 207
"72" 134.445989713065 100 37.3571816418515 246.569450481173 108.063146889623 0.583661978710558 210
"73" 134.258511514008 81.4675995330006 21.8519298625369 418.67460300696 500 0.517829422347091 218
"74" 122.297498834855 100 60.1874356783717 118.535751075725 231.674970109647 0.668179989546258 219
"75" 108.525570495599 20.5076646206165 39.0210001842248 500 132.617633309339 0.571321085506773 221
"76" 112.262387830173 100 11.7130758135217 20.8748401340894 64.1779374456874 0.69649611261458 223
"77" 133.220184778022 52.4110856270216 14.9153180158805 474.30602980414 500 0.467340104540562 225
"78" 175.646398204389 28.4265572546122 4.75205705119382 73.174052678057 162.978004410961 0.737808571950683 226
"79" 102.799228478952 100 45.1687007583622 54.0488913471352 76.2796610513088 0.602492452336329 229
"80" 132.071175156349 85.7951938393697 10.2505154883556 93.0920159666775 500 0.646971104833804 232
"81" 126.234552599729 100 15.6172893905702 72.4478177066175 62.2018530782826 0.530159759661958 236
"82" 185.276356573416 7.09776036808591 0.971103342239124 171.186402067758 108.949834018775 0.572064297350678 237
"83" 111.236794713903 100 34.791322875098 500 500 0.516971219920964 238
"84" 100.336613961239 100 12.4295105722026 110.859750991017 248.270726230851 0.12178814491643 243
"85" 138.017322386649 100 17.9190555734701 43.5186119663861 149.704403113236 0.531940731074583 244
"86" 114.310290655066 100 25.0008916770058 238.427335035527 137.95527834351 0.388978460019212 245
"87" 177.955819683123 14.3095490496067 1.7838583549297 32.2799342513768 25.296723007475 0.673451545942139 247
"88" 90.9693037087289 39.1208927538055 30.2912689239977 254.760919305722 500 0.304311542794566 249
"89" 125.215141827499 34.3822042248372 39.2592660859454 500 461.856342839721 0.531996036015486 250
"90" 126.41670533401 30.5227311404274 10.1540970302232 194.070536896863 500 0.697105167313928 252
"91" 159.056313071158 39.6934291356232 1.8259000602668 218.586814102295 184.89265921142 0.677636357139897 253
"92" 166.248367038207 100 11.7836381076594 61.7015391010094 180.106241665142 0.491015369247424 255
"93" 101.814635243816 100 20.5073709495295 316.538076779963 132.646611975396 0.201629890379913 263
"94" 124.848569907077 69.337380182252 25.8434817344268 25.6023956049156 500 0.454286935501272 269
"95" 121.523891380495 100 22.6635429354447 187.168580578348 54.2349418442824 0.513249520653178 271
"96" 106.471950068469 100 46.0429679810206 459.905244145359 500 0.679328560350648 272
"97" 132.13691578218 100 1.81984423842455 114.215148148021 471.139066053935 0.270751211927904 274
"98" 184.018735698645 43.7970377799593 3.45808431521291 79.0719675865888 38.2322835551912 0.70671989993475 285
"99" 123.124004922567 100 24.1573857408388 190.286162887803 340.860210521009 0.663785332327651 287
"100" 166.689122193188 100 3.77923301358186 216.30290729411 81.2382672103727 0.472941704790019 288
"101" 123.633049467715 100 4.17421094964335 192.997864182852 439.002857276531 0.571418717413946 291
"102" 117.277311838362 57.8608483536403 11.5147818462595 500 286.34093875529 0.385494376448175 292
"103" 87.1170711480722 28.2645918051443 43.174013697835 500 500 0.515287407222861 297
"104" 98.541671297194 15.3982316271634 48.6465953358938 500 500 0.501799811989643 307
"105" 123.960220140064 100 11.0119058792641 362.718449877372 419.624949124584 0.573509183099099 308
"106" 123.558714738599 100 9.52882557144967 348.673874753255 158.959046017872 0.450074945247019 315
"107" 131.00754445176 6.23684861623181 2.69374421642333 169.499005386768 1 0.747242226481764 320
"108" 122.282898902736 35.5912482317909 59.5610959643028 500 353.237412732981 0.690719188568075 322
"109" 150.665701533956 52.7138119111957 33.3983617005691 500 220.177612881095 0.503186611772295 323
"110" 82.4981524856341 100 44.6568001204756 17.6478050626775 80.8624537249392 0.01 324
"111" 115.035669540261 100 36.7789858907879 58.0681759089569 171.652255231326 0.533118606480919 329
"112" 121.504884405072 26.7432346429935 22.3637217037885 26.1254305940704 500 0.647780549647011 331
"113" 98.5274339254126 31.6585596652465 15.7401086556836 500 164.299660652315 0.302572935248684 332
"114" 170.38963968132 53.9178093639107 25.2418227739251 126.086083752191 145.8604358471 0.497942258080985 333
"115" 112.864214881012 61.7725004803114 31.086712380225 500 500 0.471970361616007 335
"116" 124.582151689185 84.9688164455321 3.61691370301978 108.348475425746 500 0.674222639034959 336
"117" 149.615874458767 15.0171654100074 5.75148731035423 82.3168471798506 38.6613035793966 0.786700538071676 338
"118" 131.039048844612 100 24.3958605545298 270.694090197478 78.9069289827232 0.429118865377501 339
"119" 111.811815485109 100 5.97912879130495 32.6642773865999 332.935590238374 0.766433325614889 340
"120" 79.6672788799895 100 55.1387212770144 198.952844450772 139.425590070422 0.130621970242271 341
"121" 137.74934567155 100 2.98404589634082 398.214799365123 287.34253258583 0.557999813183568 342
"122" 165.255996489822 49.4102537602695 7.97396066223487 379.173854055785 59.7119422479954 0.471920561034223 343
"123" 171.417477757668 86.6405485667955 2.18698367047533 342.580564795634 131.500518213468 0.535777039043506 344
"124" 151.849364383768 74.3331015570275 18.7569463332601 500 500 0.544686300141302 345
"125" 96.5806973372717 100 29.6645038693052 167.212705899997 131.406635210015 0.152742577316655 346
"126" 128.809102504846 62.5319944749182 24.121742448439 461.324624445277 159.607511350967 0.274544320216533 353
"127" 117.952176049049 100 16.9313908507298 319.679556555839 394.517881672432 0.517920081060427 355
"128" 127.493823945285 100 9.64258039484277 436.769224096046 303.240975406101 0.480186845505693 358
"129" 122.183664183072 100 39.2361409563193 167.779793888475 39.4925669580001 0.572106404064764 360
"130" 167.577304122646 35.8966647798144 9.71622445674067 43.0739917102956 145.959555235938 0.543414727503518 363
"131" 125.564589793401 7.70475922287488 19.0635641724696 248.08187848695 248.094703342686 0.498708189676434 364
"132" 144.684405865268 47.7828512345696 9.77289879654353 147.41934063787 247.103122484381 0.681455321325832 366
