"V1" "V2" "V3" "V4" "V5"
"1" 87.9464435113229 100 20.8670930955985 98.8515987522229 3
"2" 84.3049999319306 100 18.6371247267052 84.1757303615759 6
"3" 86.0637560928184 100 13.9382465929746 116.187740312324 8
"4" 107.005046015862 100 12.3959268400852 100.227316477018 9
"5" 137.151278468107 100 1.78067457240115 95.4378098194733 13
"6" 96.7971615519915 100 20.1465246005162 95.3069731914296 14
"7" 76.6867985126615 100 59.3887418720838 70.5394071889584 16
"8" 118.34015636193 100 1.74973770607057 134.980396843071 17
"9" 109.526135366286 100 5.96496006751143 173.347637875213 23
"10" 106.357370348626 100 9.26485003706616 141.49119174528 27
"11" 58.8710705073521 47.9636747446122 100 444.35456255288 28
"12" 55.8674283140438 100 64.5495842403051 249.280945568986 29
"13" 69.03166483244 100 59.6050115622124 92.7507141055927 30
"14" 69.7045072425692 100 39.571071930937 213.871999067759 32
"15" 101.601502248584 100 6.83278525238679 201.404394805577 33
"16" 44.8023128224761 100 77.9561384121501 448.392380939397 34
"17" 64.4453183960429 100 53.4429212106147 193.906467426329 36
"18" 122.731978391154 100 5.63503987448079 102.978249957477 37
"19" 100.66506486174 100 15.8359774729896 100.56503643305 39
"20" 104.113785250523 100 11.869655033812 121.241857949952 40
"21" 121.770290526021 100 4.17015459250475 142.91628932082 43
"22" 73.4094744179609 100 28.6137303301411 200.923128600872 44
"23" 84.7968903925309 100 11.4085736875391 361.289580346367 47
"24" 98.2596328947667 100 12.9367022344753 147.090562250019 48
"25" 131.159901253058 100 3.30830882170027 110.160483080788 51
"26" 64.192427606353 100 50.4340210282661 209.493122506447 54
"27" 90.5865051859418 100 15.4024570918457 133.954914317859 55
"28" 96.3983305675123 100 9.78504916020038 217.339723967769 56
"29" 124.002352371445 100 4.35749014814535 119.581537223181 58
"30" 66.5141082955932 100 82.7204243162786 141.414191854347 60
"31" 81.7208988785712 100 33.4444307250868 90.9846593775209 61
"32" 61.9471828149657 100 77.900711961587 140.998940393108 62
"33" 63.2743240361863 100 79.0833988075617 144.174145666085 63
"34" 121.915168557793 100 5.71261718202433 119.858036133334 64
"35" 121.200161218305 100 4.7213495457462 103.474370321941 65
"36" 61.1070554975413 100 74.8948543626773 203.46486179153 66
"37" 51.9441283930798 100 62.4131992432197 147.1461478069 67
"38" 117.51826424649 100 2.94896538714276 207.135367578509 68
"39" 80.1596246399971 100 39.710729441611 90.2839181445081 70
"40" 56.2184681058829 100 63.3076649808321 247.517107549407 71
"41" 90.789478494092 100 20.92944893309 95.4572507385604 73
"42" 91.3379507555666 100 21.8438945999668 96.4298798844498 76
"43" 118.101085975385 100 6.73358202187609 104.156163693672 79
"44" 140.836709636062 100 1.61000702797768 105.160685509265 80
"45" 79.6313558942865 100 29.7531896565982 149.702691613482 83
"46" 87.5157898525868 100 23.7901887683272 114.006891470894 86
"47" 102.796677328537 100 14.1248918548475 85.6607370796983 87
"48" 88.4680357982319 100 22.737087077892 106.439487948387 88
"49" 85.2688792565382 100 35.5688313362916 95.4534376279857 90
"50" 113.024538701489 100 4.87223274787534 168.167290052548 91
"51" 87.2616854713694 100 13.6768060729655 98.8491413573762 93
"52" 69.0643857814254 100 54.0076566546324 184.107128464664 95
"53" 72.7174875776807 100 64.022834580369 90.9094938329449 96
"54" 104.196119687713 100 11.3936484394208 123.52360670204 97
"55" 84.2904327213474 100 23.8665271547334 187.414845370368 98
"56" 70.5895945869745 100 65.2928262435234 92.312664581796 100
"57" 74.8170921195652 100 65.6118158008915 76.0476811489219 104
"58" 109.169842206658 100 10.6811110304582 86.6204596318347 107
"59" 96.3575279651869 100 11.0719284090764 186.89453876314 111
"60" 73.2305080904482 100 38.7432260817959 154.708316307018 114
"61" 63.7765172919468 100 3.33793784621872 63.694894593777 115
"62" 136.590247169776 100 2.48486681888453 106.413452737038 117
"63" 76.3339084741703 100 61.862587463583 72.9223080189925 118
"64" 120.013566686461 100 2.91103012739044 124.28890398799 120
"65" 94.4562150387914 100 16.7115936731408 137.760114505027 124
"66" 70.2325312585973 100 65.9740647913891 88.2828450462351 128
"67" 62.7029227971778 100 50.0220197712246 274.533569489778 130
"68" 100.984785077951 100 13.5900094816209 111.312456769234 131
"69" 57.3870180387371 100 49.7402237117847 190.382161181759 201
"70" 62.1831965485067 100 54.2368567068438 62.03314251032 203
"71" 100.732789475564 100 12.7044981139158 98.6516566493669 207
"72" 90.5935112749 100 23.5263765198159 118.005116994609 210
"73" 74.9485708119642 100 31.7156167635534 131.227060936058 218
"74" 86.4541796625637 100 18.4133426796882 83.2390162687031 219
"75" 77.4405287257815 100 31.0885803752419 144.58689133249 221
"76" 62.8268602304897 100 83.0220296654373 159.382524593321 223
"77" 67.6179915924698 100 41.6756565722637 259.386939522641 225
"78" 87.5023620555432 100 12.4317783410639 271.189749121486 226
"79" 78.007009415971 100 26.2720264014919 127.902951322735 229
"80" 83.5508182029494 100 17.5595096740321 205.525641132794 232
"81" 66.9827291385811 100 38.5152776140068 213.839831415055 236
"82" 96.6652224993855 100 13.6246745596338 98.7829058479981 237
"83" 52.0692442594641 78.9266425923913 100 417.288933042037 238
"84" 102.966632217406 100 14.8777955181749 102.221429453577 243
"85" 96.4625221369653 100 12.9517004288585 149.929652555252 244
"86" 81.6597269441136 100 28.6163308730647 141.96504777636 245
"87" 96.9186418254883 100 5.1946593791901 92.1529379375662 247
"88" 73.1745206777906 100 64.8179925723173 67.7281222897412 249
"89" 78.0387462778665 100 37.4127093018387 195.776416844234 250
"90" 120.645770046532 100 6.04380869140509 81.7186026311755 252
"91" 85.7226704267962 100 22.0994846687207 97.2705836771109 253
"92" 73.734866002825 100 64.4906746176013 90.2249278660477 255
"93" 44.7438499417271 100 100 547.090442958961 263
"94" 84.232821971335 100 23.1555848179726 138.432303252553 269
"95" 91.1146967179871 100 15.6318077982786 125.707253760363 271
"96" 74.2312729771458 100 68.8121440621565 94.9805805141462 272
"97" 122.143419574946 100 6.42511730492697 100.322343816974 274
"98" 117.61000211732 100 7.15504513314127 91.5920009036342 285
"99" 72.7718719028554 100 63.5290607192787 90.7837648596055 287
"100" 95.1065753248783 100 15.8761235553864 138.547439171864 288
"101" 85.8550032375525 100 14.6027510492099 105.920036919662 291
"102" 48.6638699422351 100 100 451.575865945112 292
"103" 70.9167255420229 100 13.5010252495488 188.602782865643 297
"104" 116.133997909878 100 2.35855902302376 139.476841338771 307
"105" 77.694802938665 100 28.9330093556489 226.434303543468 308
"106" 88.059409156293 100 21.4809024612764 97.1250127244731 315
"107" 58.3730147784996 100 45.5057698332453 279.063926894704 320
"108" 105.726670133694 100 12.6304406039379 100.878974133151 322
"109" 71.669893501629 100 69.2069136438197 97.1000334673432 323
"110" 84.2342864313928 100 20.3834609894349 93.973791059875 324
"111" 61.7481531535436 100 47.0430756582022 258.298023798777 329
"112" 68.8746917946431 100 59.7173189059729 89.0449169460175 331
"113" 66.7607975737097 100 58.8802485231912 167.534410748236 332
"114" 108.417507456109 100 8.22605286015203 93.6423889778583 333
"115" 94.2347660006649 100 16.5970345933212 137.831209002847 335
"116" 72.5499420087073 100 63.8014666435321 70.7441392016946 336
"117" 100.626769703908 100 18.0981571510177 75.7790795866039 338
"118" 80.1745421937627 100 37.8284436872177 94.7083048944602 339
"119" 73.626967423471 100 27.8263917674229 202.149962481762 340
"120" 59.863942947968 100 70.3983255469999 204.383179072525 341
"121" 92.8828357676232 100 21.5779934107347 97.8344864500066 342
"122" 57.6998283183107 100 97.2938086654268 192.53297557114 343
"123" 108.438018665588 100 8.32784865551568 115.210897755426 344
"124" 106.121201254067 100 11.0651690027075 97.5966893318722 345
"125" 87.4696326396835 100 10.1604554058789 265.472150685053 346
"126" 96.6382612021806 100 10.6749481805022 136.877320072344 353
"127" 68.376372585045 100 70.322394712001 114.57798983974 355
"128" 105.583111523589 100 11.3383886153839 89.3861479748504 358
"129" 91.827391333595 100 27.709644170428 79.4665728958138 360
"130" 73.7714185291672 100 44.4659048982839 80.6964758803209 363
"131" 96.0443588080788 100 5.20550505455915 109.507105719624 364
"132" 111.036106586723 100 7.75362134725812 79.2243424707287 366
