"V1" "V2" "V3" "V4" "V5" "V6" "V7" "V8"
"1" 209.352109452789 8.43252298999625 1.59857331182555 24.2879789691915 22.0479808779775 0.102408889290198 0.0701250272055535 201
"2" 182.076627163166 16.2066556024887 4.77887840747166 23.0639646099329 75.6632280615092 0.01 0.0571693907507 203
"3" 195.797958880391 12.2557126618935 4.66492279088758 58.1701951838953 104.790841223514 0.01 0.01 207
"4" 195.500571165624 38.0824761245898 6.41160233273099 144.796453020487 38.3115201860907 0.0672173469990786 0.0945388247768578 210
"5" 227.753822059256 12.6208842855099 1.92206521591977 10.5043199418329 66.6695824693209 0.127769434093331 0.0282830193364723 218
"6" 167.631199372738 38.3271865496035 5.74712482898427 47.0325284886743 162.894678580007 0.0971950940815866 0.188772718724863 219
"7" 177.942413249336 35.3032052098986 4.47883217567037 53.2962079647479 60.2613347977378 0.507028962245849 0.0774835922189203 221
"8" 161.382760992813 82.5714585378622 7.44792953077364 101.772859642625 138.138752505006 0.01 0.01 223
"9" 123.925123923567 100 12.1882994111533 2.99546483852519 227.081197031177 0.251034494943215 0.0857145830051426 225
"10" 107.379151324675 21.6140205705478 4.43893124651683 73.6712828747958 56.1490484959854 0.966211302728797 0.272582402806467 226
"11" 178.441969073327 31.196106480939 6.01941934721497 46.0474042331689 1 0.250610963295717 0.195239508339794 229
"12" 137.026979063512 57.0473699705124 7.52153525668173 55.8968723568683 7.934801038178 0.701959900958621 0.0199914470501461 232
"13" 161.190993241149 19.8552053439558 3.82513035409084 14.6943095360326 88.1936202142474 0.129533574615176 0.662160469131202 236
"14" 166.998768508816 52.1323475156228 5.12418267579863 91.4833597664542 103.944080494329 0.01 0.0465372587686325 237
"15" 155.67060815779 57.8267251895605 10.5840030733325 51.6855430289158 196.228778973601 0.01 0.3643365884924 238
"16" 216.830028225893 22.9976842173466 4.08179268542189 74.9882377037694 17.6670726624978 0.01 0.0804684198132576 243
"17" 206.156050905687 7.00250408549548 5.32746353077524 41.554879463478 60.6239449760549 0.01 0.382035915684036 244
"18" 190.614511422097 11.773152444769 8.15564782444221 51.4632082849188 152.040961804385 0.01 0.01 245
"19" 197.438538583103 12.239862659581 2.49661525691682 3.30137507801309 20.094266592714 0.312651637005522 0.103119969126318 247
"20" 171.190097304268 30.3170628056299 5.05234569573249 112.255097318446 63.9696620664789 0.01 0.01 249
"21" 216.195097355703 20.4064117170278 3.99199465436601 15.665112609401 80.8828561732357 0.0129998029656794 0.170753794804014 250
"22" 85.4914261353751 100 8.82169016095218 27.2641259057211 80.6491874948759 0.959541475644687 0.275249971533399 252
"23" 170.798958989525 70.3037893397981 4.26510211290854 139.119404261497 7.71731555790015 0.508658412653936 0.340454404547455 253
"24" 125.454569098577 82.9446517021295 13.7231391149404 366.821036210505 352.951237501663 0.01 0.01 255
"25" 177.356244128187 79.1190238469546 8.84201312049845 216.557445081783 92.7999766316386 0.171090013849824 0.238434885543139 263
"26" 163.387952809142 100 5.58247928572973 103.733971944597 96.6483910088828 0.0344804521805846 0.37919201459958 269
"27" 168.077435556425 52.6499093806145 6.22020231097925 37.6717012979937 108.38396850595 0.400285242560964 0.207183109352803 271
"28" 189.027265475359 36.0739097152613 2.90399652546622 25.1748794391024 21.0580652012657 0.565297134619763 0.147676052678599 272
"29" 207.207783379061 22.7322236558448 4.4138292268129 36.0794510445487 104.429713791638 0.01 0.0178159450927947 274
"30" 178.875729046818 26.7607769038286 7.05229598412499 15.0071658778786 158.167995709442 0.0604098630447141 0.271953231221416 285
"31" 203.953119327854 17.2668670638043 4.56259292639833 51.6408465226364 84.2276894594586 0.01 0.01 287
"32" 229.544624412642 16.1433657314805 1.89423035028682 48.423210895361 55.7451154520255 0.01 0.156126493572988 288
"33" 153.590766610995 21.1278511108571 5.50342526666282 9.59228320297087 33.506962235022 0.317737103644985 0.586745258302498 291
"34" 178.824433725366 12.529198599517 9.83306249201345 52.2572918365788 152.674840222627 0.01 0.01 292
"35" 159.344259317329 13.4289620259751 0.908454772821717 7.88676947778803 176.041462521871 0.10785004535568 0.01 297
"36" 210.701352679014 15.4613494264959 1.65774787562321 48.6017651785894 52.5212644277696 0.01 0.0230900968147569 307
"37" 200.982299099195 28.0649045113784 4.97254701868993 39.2608334184914 99.0989752350661 0.01 0.0392274758302632 308
"38" 185.812701971664 2.89860813915247 1.37749766774233 4.18035590961537 27.4316527065648 0.623168911331332 0.365151885662698 315
"39" 206.966068645154 8.01202428703166 2.01232318389226 48.4932686399929 23.7913130865186 0.0802439452401213 0.0867889988813758 320
"40" 181.707085671269 48.3062115835163 6.36843611822969 102.633037065949 58.7018282288876 0.01 0.01 322
"41" 200.138930679557 31.9665290502745 5.3469358083779 110.32727824089 32.0053569146957 0.258242906771536 0.250406960814084 323
"42" 174.549583172602 38.3003910379802 4.9789283364118 87.557210421551 67.3695363790531 0.01 0.01 324
"43" 208.25135102428 18.8164487142023 2.81009940684818 44.1126015036685 50.9705230839457 0.01 0.01 329
"44" 154.974884088156 88.8974154571422 8.55241355647902 46.5963726952149 74.5910545505098 0.01 0.01 331
"45" 185.862545088691 18.4256827081784 3.71824013684626 10.9918664638077 58.9207787985219 0.178159840409671 0.01 332
"46" 203.473201785629 33.8443612664253 4.65410305350902 33.9728444599231 31.4224520607457 0.01 0.0877995898350514 333
"47" 176.172822823909 100 3.2776278925005 67.4709869788375 56.9420736273514 0.128125269769282 0.01 335
"48" 183.537084889226 44.6871818606668 4.499589387898 70.720298534256 11.2721365213885 0.294633098112169 0.01 336
"49" 136.78368815598 90.2667466241403 13.5012597123441 159.644233561052 282.776938852122 0.01 0.01 338
"50" 183.048059136681 29.5253858659417 6.60121632338636 86.6978583832127 105.519710201259 0.01 0.148093815653053 339
"51" 157.893000128171 50.9187262831148 7.88029010868023 68.7668322711054 138.620662329199 0.01 0.01 340
"52" 144.756124796994 79.0866788297712 12.6013937198705 163.629842549443 94.2491407527103 0.01 0.01 341
"53" 179.050026705379 18.15520794151 8.42739407032925 88.0563529081321 175.591008855964 0.0306252660112386 0.01 342
"54" 138.460201487824 32.3354365304917 4.8028087489853 33.7422275599548 83.3720652158128 0.681503090933033 0.341882438661668 343
"55" 198.629020689801 15.7088802343962 4.36760710690248 82.895080662726 56.3601897379459 0.01 0.01 344
"56" 194.519639921925 16.4315442059929 6.32339144594529 57.4008865358961 120.336936839707 0.01 0.201541195280036 345
"57" 126.904204276043 34.7566216612588 19.6172134894628 188.765969018441 437.196421057772 0.01 0.01 346
"58" 210.829694630479 24.4114817755405 2.14976276811692 18.6241374512785 21.4814961875079 0.183529212108069 0.211927543433179 353
"59" 168.396728482798 43.7777697539417 11.1746278105549 19.2047289842716 161.583264269185 0.01 0.01 355
"60" 169.476208807489 38.8042098401936 4.0015416462469 175.698707629116 94.8231526243668 0.01 0.01 358
"61" 211.520196726155 19.28266412833 3.59691123387925 40.699118989962 50.5008356361926 0.01 0.01 360
"62" 177.275768468357 25.1149639554676 4.65415785759528 48.7681093592816 55.4956441241883 0.01 0.01 363
"63" 164.513983443118 29.5018725152764 3.69196206815463 37.2658808391773 14.0901444585645 0.0951434710010295 0.01 364
"64" 209.215076931432 14.834499285914 4.83716048315495 22.506588971192 35.0692497825216 0.0342779995782459 0.187989175780556 366
