"V1" "V2" "V3" "V4" "V5" "V6" "V7"
"1" 211.445108963354 9.04752939296975 1.60539844118876 21.6513574583573 36.491309249782 78.3218571397574 201
"2" 180.245026120457 15.3691636919854 4.93193112967217 23.5910451466282 70.1897190030813 189.941086151368 203
"3" 194.920523973416 12.1831370532724 4.65440043500918 57.0331829411547 163.199035633711 266.169956654366 207
"4" 210.468233317519 22.7797542905351 3.7651900596007 86.0837333156499 95.3051193910879 98.7190870816949 210
"5" 207.68706142054 19.7948973376703 2.78823561674964 15.8202085843787 62.7865826907052 394.431399218324 218
"6" 205.905055579547 17.2234998367151 2.9959268292904 18.2437400803855 101.666878573975 117.635566765164 219
"7" 216.646266722244 30.0623265824361 2.21949038890024 27.1361576928719 30.815786156794 69.3859876811714 221
"8" 160.621456669327 82.1770602605208 7.40643131599514 100.820480028424 234.958281910145 379.681498365526 223
"9" 134.056677577909 100 10.8546618845339 5.70918738623708 139.812216132809 450.639974375656 225
"10" 203.450706588144 100 1.96447954105867 15.2354376553977 39.5544943188593 44.2956369284502 226
"11" 184.74600813517 34.8237709664531 6.47035457073303 53.8548466125413 31.8022794358412 31.7806438215439 229
"12" 164.511580121598 100 5.85723309064988 37.7636591737053 40.0886741418162 49.6031228339147 232
"13" 219.442106535781 11.3802604474902 4.56603481514333 4.60649297486684 58.9486286777136 75.4917059602247 236
"14" 167.231528066615 49.7502931677661 4.94658882661811 78.9524439624872 184.812258529745 291.400892666838 237
"15" 174.528512391404 35.5980684049593 8.99140936873307 31.0396280697187 95.3388202019245 351.627769276449 238
"16" 221.261240690104 18.4825175563721 3.63702370981949 66.9801602921921 70.9197623682798 78.7481146644738 243
"17" 227.166772137191 4.90236286267081 5.42511965071683 26.6871639314913 59.1465490559267 125.0204876855 244
"18" 189.804620803891 11.7396552288108 8.17739432612764 51.2651918056645 200.296006958048 360.419549784763 245
"19" 213.219104883335 14.7308550022661 2.30519259192934 2.4802663224207 20.0209635229244 29.9291134611717 247
"20" 169.062079686297 30.9161127173324 5.14459343026687 107.513208105884 199.018856981758 230.795788143205 249
"21" 224.809258371904 17.4616635189622 3.79022755202634 13.5832764377663 75.1640527381875 150.554121129699 250
"22" 149.626462171031 100 4.27927596531639 7.4287292715556 39.5096186031433 35.1768932058299 252
"23" 211.731391827363 42.9697587177615 2.10609534327311 40.024800074156 38.5488500185642 30.5745482037919 253
"24" 117.268516410415 69.8077353863641 11.6954116470033 334.58879988636 514.989913345065 1000 255
"25" 216.773556393002 24.9370704083546 3.00603042509242 43.7459057240131 71.6572948729877 107.963902892092 263
"26" 208.754963995899 36.6500455660907 2.8682286786248 30.8087135131347 54.92936555773 80.1900669681189 269
"27" 212.288440936936 29.0042789549855 2.76696688202003 16.2570116423956 44.6731265203911 64.862309054629 271
"28" 213.795625290526 59.6693205144092 2.79395269880002 12.6399647500136 49.1752091667482 36.1285404027214 272
"29" 206.700633234253 23.0156401521755 4.48500591545166 33.7022328457574 151.665311903462 238.011942694193 274
"30" 192.833536608448 20.9735229514228 6.50103844145695 9.61851176646463 110.583893157156 288.305612355741 285
"31" 194.422979395671 19.4169880072508 5.38602243504495 66.3110866812598 113.096574477564 322.63846885209 287
"32" 250.871485639155 10.7478420493416 1.51796205889818 32.240816389092 66.365815523475 95.6201962791557 288
"33" 182.79928076804 23.4792160191977 8.88656065034321 5.89995115133912 24.8184172538678 76.8978976663409 291
"34" 175.279886966288 12.842774957772 10.2861388205723 57.2136120176051 183.521508171537 411.240734065749 292
"35" 130.734536957217 17.4330811665287 1.13260527574718 10.3495983275949 135.904944066449 1000 297
"36" 210.277258516111 15.2742444637613 1.654908723263 46.8540860971391 92.0412274976976 162.16203797303 307
"37" 201.715799575909 24.6210530526939 4.61588087525374 37.0282990695885 97.4518755175935 230.078805007074 308
"38" 259.149126760165 7.87896962066839 1.7824766151043 2.98945276714484 16.1600814591282 73.6729675511798 315
"39" 206.166370087793 8.10590905234254 1.99778982500409 39.283389844355 42.8622740024491 120.768566377753 320
"40" 172.828466174764 55.587467452029 7.35106856356736 134.006620885059 137.296451425593 291.094830591299 322
"41" 226.164208640431 19.288980690147 3.07631460496448 23.0274645034813 56.7945269673445 88.6153961283942 323
"42" 172.504704430237 38.7495387150508 5.06592007898717 92.4958255680883 138.603311597237 243.68356828295 324
"43" 207.793267959638 18.7917303686109 2.80025977031489 42.3873202182952 96.300481441628 144.313338448244 329
"44" 153.109585807908 91.3037772472857 8.68303442123383 42.0815475454062 140.339585964174 187.215886496292 331
"45" 182.917958279737 22.9735373915458 4.3164759527197 18.0221868883737 44.9360074101643 186.772466711148 332
"46" 206.774465589988 27.1863942343837 4.38351560415085 29.5694069358677 50.8324185548005 69.1100051188837 333
"47" 180.817133057008 100 2.75416822609686 57.9289441641211 111.552381483109 137.87036125445 335
"48" 193.258157598029 45.7320840399761 3.41419999557402 47.1751512644028 55.2768643164639 69.6115870208623 336
"49" 127.153468113824 100 15.3377344391933 196.58338761862 412.191743405693 923.524353130716 338
"50" 187.812478127244 21.5343690829256 5.76921906309149 60.3045066983275 95.6934126318505 277.532558137552 339
"51" 156.288595733124 51.6859599405852 8.02161218174417 72.5648165737403 191.273291511138 375.34460777911 340
"52" 143.547243291195 78.9272766189218 12.5231455306819 156.212347712602 271.849561845428 339.875128018509 341
"53" 180.221731389377 16.4102754894294 7.55384831008166 65.2173577930662 228.93886592103 408.032912715451 342
"54" 203.741099957865 34.8857317639255 3.06280661251391 7.59787123280238 39.9539305406097 84.7557572276119 343
"55" 196.995689181953 15.8281855059028 4.41801504351141 86.3860408743088 126.353904852889 209.235897926469 344
"56" 197.551476163309 13.7182685758607 6.22335825986247 37.8404856316906 126.958588519419 312.657047643777 345
"57" 126.000272862148 31.961598149789 18.1193679932569 174.438376172403 561.590359355833 1000 346
"58" 218.772141753058 25.8307688656044 2.32780128951606 21.3823543729113 21.2393734151446 56.6077994628119 353
"59" 162.023557952647 47.5230767050337 12.5356337722 27.0120268517508 159.695187934461 433.224622622417 355
"60" 168.307647770352 38.8066017884307 4.00091632919859 175.355954522376 271.806402834004 364.236365995349 358
"61" 210.351504633521 19.2912126798895 3.5957998038128 40.5614563569911 91.8502456575083 141.146059031387 360
"62" 173.926047425554 26.2825456941214 4.9050250291108 42.7018691807802 130.705416350216 151.52952220071 363
"63" 164.904402389401 30.743314206592 3.6049615923185 33.8531092710555 47.4621109961327 66.8770118811331 364
"64" 215.259375601484 12.3648947572422 4.67358412656702 19.7883164962665 43.3501828481997 65.2660060615269 366
